Isource  223 0 0.001
Rh_0000_0001 9 1 10000
Rv_0000_0015 9 15 10000
Rh_0001_0002 1 2 10000
Rv_0001_0016 1 16 10000
Rh_0002_0003 2 3 10000
Rv_0002_0017 2 17 10000
Rh_0003_0004 3 4 10000
Rv_0003_0018 3 18 10000
Rh_0004_0005 4 5 10000
Rv_0004_0019 4 19 10000
Rh_0005_0006 5 6 10000
Rv_0005_0020 5 20 10000
Rh_0006_0007 6 7 10000
Rv_0006_0021 6 21 10000
Rh_0007_0008 7 8 10000
Rv_0007_0022 7 22 10000
Rh_0008_0009 8 9 10000
Rv_0008_0023 8 23 10000
Rh_0009_0010 0 10 10000
Rv_0009_0024 0 24 1
Rh_0010_0011 10 11 10000
Rv_0010_0025 10 25 10000
Rh_0011_0012 11 12 10000
Rv_0011_0026 11 26 10000
Rh_0012_0013 12 13 10000
Rv_0012_0027 12 27 10000
Rh_0013_0014 13 14 10000
Rv_0013_0028 13 28 10000
Rv_0014_0029 14 29 10000
Rh_0015_0016 15 16 10000
Rv_0015_0030 15 30 10000
Rh_0016_0017 16 17 10000
Rv_0016_0031 16 31 1
Rh_0017_0018 17 18 10000
Rv_0017_0032 17 32 10000
Rh_0018_0019 18 19 10000
Rv_0018_0033 18 33 1
Rh_0019_0020 19 20 10000
Rv_0019_0034 19 34 10000
Rh_0020_0021 20 21 1
Rv_0020_0035 20 35 1
Rh_0021_0022 21 22 1
Rv_0021_0036 21 36 10000
Rh_0022_0023 22 23 10000
Rv_0022_0037 22 37 1
Rh_0023_0024 23 24 10000
Rv_0023_0038 23 38 10000
Rh_0024_0025 24 25 1
Rv_0024_0039 24 39 1
Rh_0025_0026 25 26 1
Rv_0025_0040 25 40 10000
Rh_0026_0027 26 27 1
Rv_0026_0041 26 41 10000
Rh_0027_0028 27 28 1
Rv_0027_0042 27 42 10000
Rh_0028_0029 28 29 10000
Rv_0028_0043 28 43 1
Rv_0029_0044 29 44 10000
Rh_0030_0031 30 31 10000
Rv_0030_0045 30 45 10000
Rh_0031_0032 31 32 10000
Rv_0031_0046 31 46 1
Rh_0032_0033 32 33 10000
Rv_0032_0047 32 47 10000
Rh_0033_0034 33 34 10000
Rv_0033_0048 33 48 1
Rh_0034_0035 34 35 10000
Rv_0034_0049 34 49 10000
Rh_0035_0036 35 36 10000
Rv_0035_0050 35 50 1
Rh_0036_0037 36 37 10000
Rv_0036_0051 36 51 10000
Rh_0037_0038 37 38 10000
Rv_0037_0052 37 52 1
Rh_0038_0039 38 39 10000
Rv_0038_0053 38 53 10000
Rh_0039_0040 39 40 10000
Rv_0039_0054 39 54 1
Rh_0040_0041 40 41 10000
Rv_0040_0055 40 55 10000
Rh_0041_0042 41 42 10000
Rv_0041_0056 41 56 10000
Rh_0042_0043 42 43 10000
Rv_0042_0057 42 57 10000
Rh_0043_0044 43 44 10000
Rv_0043_0058 43 58 1
Rv_0044_0059 44 59 10000
Rh_0045_0046 45 46 10000
Rv_0045_0060 45 60 10000
Rh_0046_0047 46 47 10000
Rv_0046_0061 46 61 1
Rh_0047_0048 47 48 10000
Rv_0047_0062 47 62 10000
Rh_0048_0049 48 49 1
Rv_0048_0063 48 63 10000
Rh_0049_0050 49 50 1
Rv_0049_0064 49 64 10000
Rh_0050_0051 50 51 10000
Rv_0050_0065 50 65 10000
Rh_0051_0052 51 52 10000
Rv_0051_0066 51 66 10000
Rh_0052_0053 52 53 1
Rv_0052_0067 52 67 10000
Rh_0053_0054 53 54 1
Rv_0053_0068 53 68 10000
Rh_0054_0055 54 55 10000
Rv_0054_0069 54 69 10000
Rh_0055_0056 55 56 10000
Rv_0055_0070 55 70 10000
Rh_0056_0057 56 57 1
Rv_0056_0071 56 71 1
Rh_0057_0058 57 58 1
Rv_0057_0072 57 72 10000
Rh_0058_0059 58 59 10000
Rv_0058_0073 58 73 10000
Rv_0059_0074 59 74 10000
Rh_0060_0061 60 61 10000
Rv_0060_0075 60 75 10000
Rh_0061_0062 61 62 10000
Rv_0061_0076 61 76 1
Rh_0062_0063 62 63 10000
Rv_0062_0077 62 77 10000
Rh_0063_0064 63 64 10000
Rv_0063_0078 63 78 10000
Rh_0064_0065 64 65 10000
Rv_0064_0079 64 79 10000
Rh_0065_0066 65 66 10000
Rv_0065_0080 65 80 10000
Rh_0066_0067 66 67 10000
Rv_0066_0081 66 81 10000
Rh_0067_0068 67 68 10000
Rv_0067_0082 67 82 10000
Rh_0068_0069 68 69 10000
Rv_0068_0083 68 83 10000
Rh_0069_0070 69 70 10000
Rv_0069_0084 69 84 10000
Rh_0070_0071 70 71 10000
Rv_0070_0085 70 85 10000
Rh_0071_0072 71 72 10000
Rv_0071_0086 71 86 1
Rh_0072_0073 72 73 10000
Rv_0072_0087 72 87 10000
Rh_0073_0074 73 74 10000
Rv_0073_0088 73 88 10000
Rv_0074_0089 74 89 10000
Rh_0075_0076 75 76 10000
Rv_0075_0090 75 90 10000
Rh_0076_0077 76 77 1
Rv_0076_0091 76 91 1
Rh_0077_0078 77 78 1
Rv_0077_0092 77 92 10000
Rh_0078_0079 78 79 10000
Rv_0078_0093 78 93 1
Rh_0079_0080 79 80 10000
Rv_0079_0094 79 94 10000
Rh_0080_0081 80 81 1
Rv_0080_0095 80 95 10000
Rh_0081_0082 81 82 1
Rv_0081_0096 81 96 10000
Rh_0082_0083 82 83 1
Rv_0082_0097 82 97 10000
Rh_0083_0084 83 84 1
Rv_0083_0098 83 98 10000
Rh_0084_0085 84 85 10000
Rv_0084_0099 84 99 1
Rh_0085_0086 85 86 10000
Rv_0085_0100 85 100 10000
Rh_0086_0087 86 87 10000
Rv_0086_0101 86 101 1
Rh_0087_0088 87 88 10000
Rv_0087_0102 87 102 10000
Rh_0088_0089 88 89 10000
Rv_0088_0103 88 103 1
Rv_0089_0104 89 104 10000
Rh_0090_0091 90 91 10000
Rv_0090_0105 90 105 10000
Rh_0091_0092 91 92 10000
Rv_0091_0106 91 106 1
Rh_0092_0093 92 93 10000
Rv_0092_0107 92 107 10000
Rh_0093_0094 93 94 10000
Rv_0093_0108 93 108 1
Rh_0094_0095 94 95 10000
Rv_0094_0109 94 109 10000
Rh_0095_0096 95 96 10000
Rv_0095_0110 95 110 10000
Rh_0096_0097 96 97 10000
Rv_0096_0111 96 111 10000
Rh_0097_0098 97 98 10000
Rv_0097_0112 97 112 10000
Rh_0098_0099 98 99 10000
Rv_0098_0113 98 113 10000
Rh_0099_0100 99 100 10000
Rv_0099_0114 99 114 1
Rh_0100_0101 100 101 10000
Rv_0100_0115 100 115 10000
Rh_0101_0102 101 102 10000
Rv_0101_0116 101 116 1
Rh_0102_0103 102 103 10000
Rv_0102_0117 102 117 10000
Rh_0103_0104 103 104 10000
Rv_0103_0118 103 118 1
Rv_0104_0119 104 119 10000
Rh_0105_0106 105 106 10000
Rv_0105_0120 105 120 10000
Rh_0106_0107 106 107 10000
Rv_0106_0121 106 121 1
Rh_0107_0108 107 108 10000
Rv_0107_0122 107 122 10000
Rh_0108_0109 108 109 1
Rv_0108_0123 108 123 10000
Rh_0109_0110 109 110 1
Rv_0109_0124 109 124 10000
Rh_0110_0111 110 111 1
Rv_0110_0125 110 125 10000
Rh_0111_0112 111 112 1
Rv_0111_0126 111 126 10000
Rh_0112_0113 112 113 1
Rv_0112_0127 112 127 1
Rh_0113_0114 113 114 1
Rv_0113_0128 113 128 10000
Rh_0114_0115 114 115 10000
Rv_0114_0129 114 129 10000
Rh_0115_0116 115 116 10000
Rv_0115_0130 115 130 10000
Rh_0116_0117 116 117 1
Rv_0116_0131 116 131 10000
Rh_0117_0118 117 118 1
Rv_0117_0132 117 132 10000
Rh_0118_0119 118 119 10000
Rv_0118_0133 118 133 1
Rv_0119_0134 119 134 10000
Rh_0120_0121 120 121 10000
Rv_0120_0135 120 135 10000
Rh_0121_0122 121 122 10000
Rv_0121_0136 121 136 1
Rh_0122_0123 122 123 10000
Rv_0122_0137 122 137 10000
Rh_0123_0124 123 124 10000
Rv_0123_0138 123 138 10000
Rh_0124_0125 124 125 10000
Rv_0124_0139 124 139 10000
Rh_0125_0126 125 126 10000
Rv_0125_0140 125 140 10000
Rh_0126_0127 126 127 10000
Rv_0126_0141 126 141 10000
Rh_0127_0128 127 128 10000
Rv_0127_0142 127 142 1
Rh_0128_0129 128 129 10000
Rv_0128_0143 128 143 10000
Rh_0129_0130 129 130 10000
Rv_0129_0144 129 144 10000
Rh_0130_0131 130 131 10000
Rv_0130_0145 130 145 10000
Rh_0131_0132 131 132 10000
Rv_0131_0146 131 146 10000
Rh_0132_0133 132 133 10000
Rv_0132_0147 132 147 10000
Rh_0133_0134 133 134 10000
Rv_0133_0148 133 148 1
Rv_0134_0149 134 149 10000
Rh_0135_0136 135 136 10000
Rv_0135_0150 135 150 10000
Rh_0136_0137 136 137 10000
Rv_0136_0151 136 151 1
Rh_0137_0138 137 138 10000
Rv_0137_0152 137 152 10000
Rh_0138_0139 138 139 1
Rv_0138_0153 138 153 1
Rh_0139_0140 139 140 1
Rv_0139_0154 139 154 10000
Rh_0140_0141 140 141 10000
Rv_0140_0155 140 155 1
Rh_0141_0142 141 142 10000
Rv_0141_0156 141 156 10000
Rh_0142_0143 142 143 10000
Rv_0142_0157 142 157 10000
Rh_0143_0144 143 144 10000
Rv_0143_0158 143 158 10000
Rh_0144_0145 144 145 1
Rv_0144_0159 144 159 1
Rh_0145_0146 145 146 1
Rv_0145_0160 145 160 10000
Rh_0146_0147 146 147 1
Rv_0146_0161 146 161 10000
Rh_0147_0148 147 148 1
Rv_0147_0162 147 162 10000
Rh_0148_0149 148 149 10000
Rv_0148_0163 148 163 10000
Rv_0149_0164 149 164 10000
Rh_0150_0151 150 151 10000
Rv_0150_0165 150 165 10000
Rh_0151_0152 151 152 10000
Rv_0151_0166 151 166 1
Rh_0152_0153 152 153 10000
Rv_0152_0167 152 167 10000
Rh_0153_0154 153 154 10000
Rv_0153_0168 153 168 1
Rh_0154_0155 154 155 10000
Rv_0154_0169 154 169 10000
Rh_0155_0156 155 156 10000
Rv_0155_0170 155 170 1
Rh_0156_0157 156 157 10000
Rv_0156_0171 156 171 10000
Rh_0157_0158 157 158 10000
Rv_0157_0172 157 172 10000
Rh_0158_0159 158 159 10000
Rv_0158_0173 158 173 10000
Rh_0159_0160 159 160 10000
Rv_0159_0174 159 174 1
Rh_0160_0161 160 161 10000
Rv_0160_0175 160 175 10000
Rh_0161_0162 161 162 10000
Rv_0161_0176 161 176 10000
Rh_0162_0163 162 163 10000
Rv_0162_0177 162 177 10000
Rh_0163_0164 163 164 10000
Rv_0163_0178 163 178 10000
Rv_0164_0179 164 179 10000
Rh_0165_0166 165 166 10000
Rv_0165_0180 165 180 10000
Rh_0166_0167 166 167 10000
Rv_0166_0181 166 181 1
Rh_0167_0168 167 168 10000
Rv_0167_0182 167 182 10000
Rh_0168_0169 168 169 10000
Rv_0168_0183 168 183 1
Rh_0169_0170 169 170 10000
Rv_0169_0184 169 184 10000
Rh_0170_0171 170 171 10000
Rv_0170_0185 170 185 1
Rh_0171_0172 171 172 10000
Rv_0171_0186 171 186 10000
Rh_0172_0173 172 173 1
Rv_0172_0187 172 187 1
Rh_0173_0174 173 174 1
Rv_0173_0188 173 188 10000
Rh_0174_0175 174 175 10000
Rv_0174_0189 174 189 10000
Rh_0175_0176 175 176 10000
Rv_0175_0190 175 190 10000
Rh_0176_0177 176 177 1
Rv_0176_0191 176 191 1
Rh_0177_0178 177 178 1
Rv_0177_0192 177 192 10000
Rh_0178_0179 178 179 10000
Rv_0178_0193 178 193 1
Rv_0179_0194 179 194 10000
Rh_0180_0181 180 181 10000
Rv_0180_0195 180 195 10000
Rh_0181_0182 181 182 10000
Rv_0181_0196 181 196 1
Rh_0182_0183 182 183 10000
Rv_0182_0197 182 197 10000
Rh_0183_0184 183 184 10000
Rv_0183_0198 183 198 1
Rh_0184_0185 184 185 10000
Rv_0184_0199 184 199 10000
Rh_0185_0186 185 186 10000
Rv_0185_0200 185 200 1
Rh_0186_0187 186 187 10000
Rv_0186_0201 186 201 10000
Rh_0187_0188 187 188 10000
Rv_0187_0202 187 202 1
Rh_0188_0189 188 189 10000
Rv_0188_0203 188 203 10000
Rh_0189_0190 189 190 10000
Rv_0189_0204 189 204 10000
Rh_0190_0191 190 191 10000
Rv_0190_0205 190 205 10000
Rh_0191_0192 191 192 10000
Rv_0191_0206 191 206 1
Rh_0192_0193 192 193 10000
Rv_0192_0207 192 207 10000
Rh_0193_0194 193 194 10000
Rv_0193_0208 193 208 1
Rv_0194_0209 194 209 10000
Rh_0195_0196 195 196 10000
Rv_0195_0210 195 210 10000
Rh_0196_0197 196 197 1
Rv_0196_0211 196 211 10000
Rh_0197_0198 197 198 1
Rv_0197_0212 197 212 10000
Rh_0198_0199 198 199 10000
Rv_0198_0213 198 213 10000
Rh_0199_0200 199 200 10000
Rv_0199_0214 199 214 10000
Rh_0200_0201 200 201 1
Rv_0200_0215 200 215 10000
Rh_0201_0202 201 202 1
Rv_0201_0216 201 216 10000
Rh_0202_0203 202 203 1
Rv_0202_0217 202 217 10000
Rh_0203_0204 203 204 1
Rv_0203_0218 203 218 10000
Rh_0204_0205 204 205 1
Rv_0204_0219 204 219 10000
Rh_0205_0206 205 206 1
Rv_0205_0220 205 220 10000
Rh_0206_0207 206 207 10000
Rv_0206_0221 206 221 10000
Rh_0207_0208 207 208 10000
Rv_0207_0222 207 222 10000
Rh_0208_0209 208 209 10000
Rv_0208_0223 208 223 1
Rv_0209_0224 209 224 10000
Rh_0210_0211 210 211 10000
Rh_0211_0212 211 212 10000
Rh_0212_0213 212 213 10000
Rh_0213_0214 213 214 10000
Rh_0214_0215 214 215 10000
Rh_0215_0216 215 216 10000
Rh_0216_0217 216 217 10000
Rh_0217_0218 217 218 10000
Rh_0218_0219 218 219 10000
Rh_0219_0220 219 220 10000
Rh_0220_0221 220 221 10000
Rh_0221_0222 221 222 10000
Rh_0222_0223 222 223 10000
Rh_0223_0224 223 224 10000
