Isource 1502 0 0.001
Rh_0000_0001 18 1 10000
Rv_0000_0039 18 39 1
Rh_0001_0002 1 2 10000
Rv_0001_0040 1 40 10000
Rh_0002_0003 2 3 1
Rv_0002_0041 2 41 1
Rh_0003_0004 3 4 1
Rv_0003_0042 3 42 10000
Rh_0004_0005 4 5 1
Rv_0004_0043 4 43 1
Rh_0005_0006 5 6 1
Rv_0005_0044 5 44 10000
Rh_0006_0007 6 7 1
Rv_0006_0045 6 45 10000
Rh_0007_0008 7 8 1
Rv_0007_0046 7 46 10000
Rh_0008_0009 8 9 1
Rv_0008_0047 8 47 10000
Rh_0009_0010 9 10 1
Rv_0009_0048 9 48 10000
Rh_0010_0011 10 11 10000
Rv_0010_0049 10 49 1
Rh_0011_0012 11 12 10000
Rv_0011_0050 11 50 10000
Rh_0012_0013 12 13 1
Rv_0012_0051 12 51 1
Rh_0013_0014 13 14 1
Rv_0013_0052 13 52 10000
Rh_0014_0015 14 15 10000
Rv_0014_0053 14 53 10000
Rh_0015_0016 15 16 10000
Rv_0015_0054 15 54 10000
Rh_0016_0017 16 17 1
Rv_0016_0055 16 55 1
Rh_0017_0018 17 18 1
Rv_0017_0056 17 56 10000
Rh_0018_0019 0 19 1
Rv_0018_0057 0 57 10000
Rh_0019_0020 19 20 1
Rv_0019_0058 19 58 10000
Rh_0020_0021 20 21 1
Rv_0020_0059 20 59 10000
Rh_0021_0022 21 22 1
Rv_0021_0060 21 60 10000
Rh_0022_0023 22 23 10000
Rv_0022_0061 22 61 1
Rh_0023_0024 23 24 10000
Rv_0023_0062 23 62 10000
Rh_0024_0025 24 25 1
Rv_0024_0063 24 63 1
Rh_0025_0026 25 26 1
Rv_0025_0064 25 64 10000
Rh_0026_0027 26 27 10000
Rv_0026_0065 26 65 10000
Rh_0027_0028 27 28 10000
Rv_0027_0066 27 66 10000
Rh_0028_0029 28 29 1
Rv_0028_0067 28 67 1
Rh_0029_0030 29 30 1
Rv_0029_0068 29 68 10000
Rh_0030_0031 30 31 1
Rv_0030_0069 30 69 10000
Rh_0031_0032 31 32 1
Rv_0031_0070 31 70 10000
Rh_0032_0033 32 33 1
Rv_0032_0071 32 71 10000
Rh_0033_0034 33 34 1
Rv_0033_0072 33 72 10000
Rh_0034_0035 34 35 1
Rv_0034_0073 34 73 1
Rh_0035_0036 35 36 1
Rv_0035_0074 35 74 10000
Rh_0036_0037 36 37 1
Rv_0036_0075 36 75 10000
Rh_0037_0038 37 38 1
Rv_0037_0076 37 76 10000
Rv_0038_0077 38 77 1
Rh_0039_0040 39 40 10000
Rv_0039_0078 39 78 1
Rh_0040_0041 40 41 10000
Rv_0040_0079 40 79 10000
Rh_0041_0042 41 42 10000
Rv_0041_0080 41 80 1
Rh_0042_0043 42 43 10000
Rv_0042_0081 42 81 10000
Rh_0043_0044 43 44 10000
Rv_0043_0082 43 82 1
Rh_0044_0045 44 45 10000
Rv_0044_0083 44 83 10000
Rh_0045_0046 45 46 10000
Rv_0045_0084 45 84 10000
Rh_0046_0047 46 47 10000
Rv_0046_0085 46 85 10000
Rh_0047_0048 47 48 10000
Rv_0047_0086 47 86 10000
Rh_0048_0049 48 49 10000
Rv_0048_0087 48 87 10000
Rh_0049_0050 49 50 10000
Rv_0049_0088 49 88 1
Rh_0050_0051 50 51 10000
Rv_0050_0089 50 89 10000
Rh_0051_0052 51 52 10000
Rv_0051_0090 51 90 1
Rh_0052_0053 52 53 10000
Rv_0052_0091 52 91 10000
Rh_0053_0054 53 54 10000
Rv_0053_0092 53 92 10000
Rh_0054_0055 54 55 10000
Rv_0054_0093 54 93 10000
Rh_0055_0056 55 56 10000
Rv_0055_0094 55 94 1
Rh_0056_0057 56 57 10000
Rv_0056_0095 56 95 10000
Rh_0057_0058 57 58 10000
Rv_0057_0096 57 96 10000
Rh_0058_0059 58 59 10000
Rv_0058_0097 58 97 10000
Rh_0059_0060 59 60 10000
Rv_0059_0098 59 98 10000
Rh_0060_0061 60 61 10000
Rv_0060_0099 60 99 10000
Rh_0061_0062 61 62 10000
Rv_0061_0100 61 100 1
Rh_0062_0063 62 63 10000
Rv_0062_0101 62 101 10000
Rh_0063_0064 63 64 10000
Rv_0063_0102 63 102 1
Rh_0064_0065 64 65 10000
Rv_0064_0103 64 103 10000
Rh_0065_0066 65 66 10000
Rv_0065_0104 65 104 10000
Rh_0066_0067 66 67 10000
Rv_0066_0105 66 105 10000
Rh_0067_0068 67 68 10000
Rv_0067_0106 67 106 1
Rh_0068_0069 68 69 10000
Rv_0068_0107 68 107 10000
Rh_0069_0070 69 70 10000
Rv_0069_0108 69 108 10000
Rh_0070_0071 70 71 10000
Rv_0070_0109 70 109 10000
Rh_0071_0072 71 72 10000
Rv_0071_0110 71 110 10000
Rh_0072_0073 72 73 10000
Rv_0072_0111 72 111 10000
Rh_0073_0074 73 74 10000
Rv_0073_0112 73 112 1
Rh_0074_0075 74 75 10000
Rv_0074_0113 74 113 10000
Rh_0075_0076 75 76 10000
Rv_0075_0114 75 114 10000
Rh_0076_0077 76 77 10000
Rv_0076_0115 76 115 10000
Rv_0077_0116 77 116 1
Rh_0078_0079 78 79 10000
Rv_0078_0117 78 117 1
Rh_0079_0080 79 80 10000
Rv_0079_0118 79 118 10000
Rh_0080_0081 80 81 10000
Rv_0080_0119 80 119 1
Rh_0081_0082 81 82 10000
Rv_0081_0120 81 120 10000
Rh_0082_0083 82 83 1
Rv_0082_0121 82 121 10000
Rh_0083_0084 83 84 1
Rv_0083_0122 83 122 10000
Rh_0084_0085 84 85 10000
Rv_0084_0123 84 123 1
Rh_0085_0086 85 86 10000
Rv_0085_0124 85 124 10000
Rh_0086_0087 86 87 1
Rv_0086_0125 86 125 1
Rh_0087_0088 87 88 1
Rv_0087_0126 87 126 10000
Rh_0088_0089 88 89 10000
Rv_0088_0127 88 127 10000
Rh_0089_0090 89 90 10000
Rv_0089_0128 89 128 10000
Rh_0090_0091 90 91 1
Rv_0090_0129 90 129 1
Rh_0091_0092 91 92 1
Rv_0091_0130 91 130 10000
Rh_0092_0093 92 93 1
Rv_0092_0131 92 131 10000
Rh_0093_0094 93 94 1
Rv_0093_0132 93 132 10000
Rh_0094_0095 94 95 1
Rv_0094_0133 94 133 1
Rh_0095_0096 95 96 1
Rv_0095_0134 95 134 10000
Rh_0096_0097 96 97 1
Rv_0096_0135 96 135 10000
Rh_0097_0098 97 98 1
Rv_0097_0136 97 136 10000
Rh_0098_0099 98 99 10000
Rv_0098_0137 98 137 1
Rh_0099_0100 99 100 10000
Rv_0099_0138 99 138 10000
Rh_0100_0101 100 101 10000
Rv_0100_0139 100 139 1
Rh_0101_0102 101 102 10000
Rv_0101_0140 101 140 10000
Rh_0102_0103 102 103 10000
Rv_0102_0141 102 141 1
Rh_0103_0104 103 104 10000
Rv_0103_0142 103 142 10000
Rh_0104_0105 104 105 1
Rv_0104_0143 104 143 1
Rh_0105_0106 105 106 1
Rv_0105_0144 105 144 10000
Rh_0106_0107 106 107 10000
Rv_0106_0145 106 145 10000
Rh_0107_0108 107 108 10000
Rv_0107_0146 107 146 10000
Rh_0108_0109 108 109 1
Rv_0108_0147 108 147 10000
Rh_0109_0110 109 110 1
Rv_0109_0148 109 148 10000
Rh_0110_0111 110 111 10000
Rv_0110_0149 110 149 1
Rh_0111_0112 111 112 10000
Rv_0111_0150 111 150 10000
Rh_0112_0113 112 113 10000
Rv_0112_0151 112 151 1
Rh_0113_0114 113 114 10000
Rv_0113_0152 113 152 10000
Rh_0114_0115 114 115 1
Rv_0114_0153 114 153 1
Rh_0115_0116 115 116 1
Rv_0115_0154 115 154 10000
Rv_0116_0155 116 155 1
Rh_0117_0118 117 118 10000
Rv_0117_0156 117 156 1
Rh_0118_0119 118 119 10000
Rv_0118_0157 118 157 10000
Rh_0119_0120 119 120 10000
Rv_0119_0158 119 158 1
Rh_0120_0121 120 121 10000
Rv_0120_0159 120 159 10000
Rh_0121_0122 121 122 10000
Rv_0121_0160 121 160 10000
Rh_0122_0123 122 123 10000
Rv_0122_0161 122 161 10000
Rh_0123_0124 123 124 10000
Rv_0123_0162 123 162 1
Rh_0124_0125 124 125 10000
Rv_0124_0163 124 163 10000
Rh_0125_0126 125 126 10000
Rv_0125_0164 125 164 1
Rh_0126_0127 126 127 10000
Rv_0126_0165 126 165 10000
Rh_0127_0128 127 128 10000
Rv_0127_0166 127 166 10000
Rh_0128_0129 128 129 10000
Rv_0128_0167 128 167 10000
Rh_0129_0130 129 130 10000
Rv_0129_0168 129 168 1
Rh_0130_0131 130 131 10000
Rv_0130_0169 130 169 10000
Rh_0131_0132 131 132 10000
Rv_0131_0170 131 170 10000
Rh_0132_0133 132 133 10000
Rv_0132_0171 132 171 10000
Rh_0133_0134 133 134 10000
Rv_0133_0172 133 172 1
Rh_0134_0135 134 135 10000
Rv_0134_0173 134 173 10000
Rh_0135_0136 135 136 10000
Rv_0135_0174 135 174 10000
Rh_0136_0137 136 137 10000
Rv_0136_0175 136 175 10000
Rh_0137_0138 137 138 10000
Rv_0137_0176 137 176 1
Rh_0138_0139 138 139 10000
Rv_0138_0177 138 177 10000
Rh_0139_0140 139 140 10000
Rv_0139_0178 139 178 1
Rh_0140_0141 140 141 10000
Rv_0140_0179 140 179 10000
Rh_0141_0142 141 142 10000
Rv_0141_0180 141 180 1
Rh_0142_0143 142 143 10000
Rv_0142_0181 142 181 10000
Rh_0143_0144 143 144 10000
Rv_0143_0182 143 182 1
Rh_0144_0145 144 145 10000
Rv_0144_0183 144 183 10000
Rh_0145_0146 145 146 10000
Rv_0145_0184 145 184 10000
Rh_0146_0147 146 147 10000
Rv_0146_0185 146 185 10000
Rh_0147_0148 147 148 10000
Rv_0147_0186 147 186 10000
Rh_0148_0149 148 149 10000
Rv_0148_0187 148 187 10000
Rh_0149_0150 149 150 10000
Rv_0149_0188 149 188 1
Rh_0150_0151 150 151 10000
Rv_0150_0189 150 189 10000
Rh_0151_0152 151 152 10000
Rv_0151_0190 151 190 1
Rh_0152_0153 152 153 10000
Rv_0152_0191 152 191 10000
Rh_0153_0154 153 154 10000
Rv_0153_0192 153 192 1
Rh_0154_0155 154 155 10000
Rv_0154_0193 154 193 10000
Rv_0155_0194 155 194 10000
Rh_0156_0157 156 157 1
Rv_0156_0195 156 195 10000
Rh_0157_0158 157 158 1
Rv_0157_0196 157 196 10000
Rh_0158_0159 158 159 10000
Rv_0158_0197 158 197 10000
Rh_0159_0160 159 160 10000
Rv_0159_0198 159 198 10000
Rh_0160_0161 160 161 10000
Rv_0160_0199 160 199 1
Rh_0161_0162 161 162 10000
Rv_0161_0200 161 200 10000
Rh_0162_0163 162 163 10000
Rv_0162_0201 162 201 1
Rh_0163_0164 163 164 10000
Rv_0163_0202 163 202 10000
Rh_0164_0165 164 165 1
Rv_0164_0203 164 203 10000
Rh_0165_0166 165 166 1
Rv_0165_0204 165 204 10000
Rh_0166_0167 166 167 10000
Rv_0166_0205 166 205 1
Rh_0167_0168 167 168 10000
Rv_0167_0206 167 206 10000
Rh_0168_0169 168 169 1
Rv_0168_0207 168 207 1
Rh_0169_0170 169 170 1
Rv_0169_0208 169 208 10000
Rh_0170_0171 170 171 10000
Rv_0170_0209 170 209 1
Rh_0171_0172 171 172 10000
Rv_0171_0210 171 210 10000
Rh_0172_0173 172 173 10000
Rv_0172_0211 172 211 1
Rh_0173_0174 173 174 10000
Rv_0173_0212 173 212 10000
Rh_0174_0175 174 175 10000
Rv_0174_0213 174 213 1
Rh_0175_0176 175 176 10000
Rv_0175_0214 175 214 10000
Rh_0176_0177 176 177 10000
Rv_0176_0215 176 215 1
Rh_0177_0178 177 178 10000
Rv_0177_0216 177 216 10000
Rh_0178_0179 178 179 1
Rv_0178_0217 178 217 10000
Rh_0179_0180 179 180 1
Rv_0179_0218 179 218 10000
Rh_0180_0181 180 181 10000
Rv_0180_0219 180 219 10000
Rh_0181_0182 181 182 10000
Rv_0181_0220 181 220 10000
Rh_0182_0183 182 183 1
Rv_0182_0221 182 221 10000
Rh_0183_0184 183 184 1
Rv_0183_0222 183 222 10000
Rh_0184_0185 184 185 1
Rv_0184_0223 184 223 1
Rh_0185_0186 185 186 1
Rv_0185_0224 185 224 10000
Rh_0186_0187 186 187 1
Rv_0186_0225 186 225 10000
Rh_0187_0188 187 188 1
Rv_0187_0226 187 226 10000
Rh_0188_0189 188 189 10000
Rv_0188_0227 188 227 10000
Rh_0189_0190 189 190 10000
Rv_0189_0228 189 228 10000
Rh_0190_0191 190 191 10000
Rv_0190_0229 190 229 10000
Rh_0191_0192 191 192 10000
Rv_0191_0230 191 230 10000
Rh_0192_0193 192 193 1
Rv_0192_0231 192 231 10000
Rh_0193_0194 193 194 1
Rv_0193_0232 193 232 10000
Rv_0194_0233 194 233 1
Rh_0195_0196 195 196 10000
Rv_0195_0234 195 234 10000
Rh_0196_0197 196 197 10000
Rv_0196_0235 196 235 10000
Rh_0197_0198 197 198 10000
Rv_0197_0236 197 236 10000
Rh_0198_0199 198 199 10000
Rv_0198_0237 198 237 10000
Rh_0199_0200 199 200 10000
Rv_0199_0238 199 238 1
Rh_0200_0201 200 201 10000
Rv_0200_0239 200 239 10000
Rh_0201_0202 201 202 10000
Rv_0201_0240 201 240 1
Rh_0202_0203 202 203 10000
Rv_0202_0241 202 241 10000
Rh_0203_0204 203 204 10000
Rv_0203_0242 203 242 10000
Rh_0204_0205 204 205 10000
Rv_0204_0243 204 243 10000
Rh_0205_0206 205 206 10000
Rv_0205_0244 205 244 1
Rh_0206_0207 206 207 10000
Rv_0206_0245 206 245 10000
Rh_0207_0208 207 208 10000
Rv_0207_0246 207 246 1
Rh_0208_0209 208 209 10000
Rv_0208_0247 208 247 10000
Rh_0209_0210 209 210 10000
Rv_0209_0248 209 248 1
Rh_0210_0211 210 211 10000
Rv_0210_0249 210 249 10000
Rh_0211_0212 211 212 10000
Rv_0211_0250 211 250 1
Rh_0212_0213 212 213 10000
Rv_0212_0251 212 251 10000
Rh_0213_0214 213 214 10000
Rv_0213_0252 213 252 1
Rh_0214_0215 214 215 10000
Rv_0214_0253 214 253 10000
Rh_0215_0216 215 216 10000
Rv_0215_0254 215 254 1
Rh_0216_0217 216 217 10000
Rv_0216_0255 216 255 10000
Rh_0217_0218 217 218 10000
Rv_0217_0256 217 256 10000
Rh_0218_0219 218 219 10000
Rv_0218_0257 218 257 10000
Rh_0219_0220 219 220 10000
Rv_0219_0258 219 258 10000
Rh_0220_0221 220 221 10000
Rv_0220_0259 220 259 10000
Rh_0221_0222 221 222 10000
Rv_0221_0260 221 260 10000
Rh_0222_0223 222 223 10000
Rv_0222_0261 222 261 10000
Rh_0223_0224 223 224 10000
Rv_0223_0262 223 262 1
Rh_0224_0225 224 225 10000
Rv_0224_0263 224 263 10000
Rh_0225_0226 225 226 10000
Rv_0225_0264 225 264 10000
Rh_0226_0227 226 227 10000
Rv_0226_0265 226 265 10000
Rh_0227_0228 227 228 10000
Rv_0227_0266 227 266 10000
Rh_0228_0229 228 229 10000
Rv_0228_0267 228 267 10000
Rh_0229_0230 229 230 10000
Rv_0229_0268 229 268 10000
Rh_0230_0231 230 231 10000
Rv_0230_0269 230 269 10000
Rh_0231_0232 231 232 10000
Rv_0231_0270 231 270 10000
Rh_0232_0233 232 233 10000
Rv_0232_0271 232 271 10000
Rv_0233_0272 233 272 1
Rh_0234_0235 234 235 10000
Rv_0234_0273 234 273 1
Rh_0235_0236 235 236 10000
Rv_0235_0274 235 274 10000
Rh_0236_0237 236 237 1
Rv_0236_0275 236 275 1
Rh_0237_0238 237 238 1
Rv_0237_0276 237 276 10000
Rh_0238_0239 238 239 10000
Rv_0238_0277 238 277 1
Rh_0239_0240 239 240 10000
Rv_0239_0278 239 278 10000
Rh_0240_0241 240 241 10000
Rv_0240_0279 240 279 1
Rh_0241_0242 241 242 10000
Rv_0241_0280 241 280 10000
Rh_0242_0243 242 243 1
Rv_0242_0281 242 281 10000
Rh_0243_0244 243 244 1
Rv_0243_0282 243 282 10000
Rh_0244_0245 244 245 1
Rv_0244_0283 244 283 10000
Rh_0245_0246 245 246 1
Rv_0245_0284 245 284 10000
Rh_0246_0247 246 247 10000
Rv_0246_0285 246 285 10000
Rh_0247_0248 247 248 10000
Rv_0247_0286 247 286 10000
Rh_0248_0249 248 249 10000
Rv_0248_0287 248 287 1
Rh_0249_0250 249 250 10000
Rv_0249_0288 249 288 10000
Rh_0250_0251 250 251 1
Rv_0250_0289 250 289 10000
Rh_0251_0252 251 252 1
Rv_0251_0290 251 290 10000
Rh_0252_0253 252 253 10000
Rv_0252_0291 252 291 1
Rh_0253_0254 253 254 10000
Rv_0253_0292 253 292 10000
Rh_0254_0255 254 255 10000
Rv_0254_0293 254 293 10000
Rh_0255_0256 255 256 10000
Rv_0255_0294 255 294 10000
Rh_0256_0257 256 257 1
Rv_0256_0295 256 295 1
Rh_0257_0258 257 258 1
Rv_0257_0296 257 296 10000
Rh_0258_0259 258 259 1
Rv_0258_0297 258 297 10000
Rh_0259_0260 259 260 1
Rv_0259_0298 259 298 10000
Rh_0260_0261 260 261 10000
Rv_0260_0299 260 299 1
Rh_0261_0262 261 262 10000
Rv_0261_0300 261 300 10000
Rh_0262_0263 262 263 10000
Rv_0262_0301 262 301 1
Rh_0263_0264 263 264 10000
Rv_0263_0302 263 302 10000
Rh_0264_0265 264 265 10000
Rv_0264_0303 264 303 1
Rh_0265_0266 265 266 10000
Rv_0265_0304 265 304 10000
Rh_0266_0267 266 267 1
Rv_0266_0305 266 305 1
Rh_0267_0268 267 268 1
Rv_0267_0306 267 306 10000
Rh_0268_0269 268 269 10000
Rv_0268_0307 268 307 1
Rh_0269_0270 269 270 10000
Rv_0269_0308 269 308 10000
Rh_0270_0271 270 271 1
Rv_0270_0309 270 309 10000
Rh_0271_0272 271 272 1
Rv_0271_0310 271 310 10000
Rv_0272_0311 272 311 1
Rh_0273_0274 273 274 10000
Rv_0273_0312 273 312 1
Rh_0274_0275 274 275 10000
Rv_0274_0313 274 313 10000
Rh_0275_0276 275 276 10000
Rv_0275_0314 275 314 1
Rh_0276_0277 276 277 10000
Rv_0276_0315 276 315 10000
Rh_0277_0278 277 278 10000
Rv_0277_0316 277 316 1
Rh_0278_0279 278 279 10000
Rv_0278_0317 278 317 10000
Rh_0279_0280 279 280 10000
Rv_0279_0318 279 318 1
Rh_0280_0281 280 281 10000
Rv_0280_0319 280 319 10000
Rh_0281_0282 281 282 10000
Rv_0281_0320 281 320 10000
Rh_0282_0283 282 283 10000
Rv_0282_0321 282 321 10000
Rh_0283_0284 283 284 10000
Rv_0283_0322 283 322 10000
Rh_0284_0285 284 285 10000
Rv_0284_0323 284 323 10000
Rh_0285_0286 285 286 10000
Rv_0285_0324 285 324 10000
Rh_0286_0287 286 287 10000
Rv_0286_0325 286 325 10000
Rh_0287_0288 287 288 10000
Rv_0287_0326 287 326 1
Rh_0288_0289 288 289 10000
Rv_0288_0327 288 327 10000
Rh_0289_0290 289 290 10000
Rv_0289_0328 289 328 10000
Rh_0290_0291 290 291 10000
Rv_0290_0329 290 329 10000
Rh_0291_0292 291 292 10000
Rv_0291_0330 291 330 1
Rh_0292_0293 292 293 10000
Rv_0292_0331 292 331 10000
Rh_0293_0294 293 294 10000
Rv_0293_0332 293 332 10000
Rh_0294_0295 294 295 10000
Rv_0294_0333 294 333 10000
Rh_0295_0296 295 296 10000
Rv_0295_0334 295 334 1
Rh_0296_0297 296 297 10000
Rv_0296_0335 296 335 10000
Rh_0297_0298 297 298 10000
Rv_0297_0336 297 336 10000
Rh_0298_0299 298 299 10000
Rv_0298_0337 298 337 10000
Rh_0299_0300 299 300 10000
Rv_0299_0338 299 338 1
Rh_0300_0301 300 301 10000
Rv_0300_0339 300 339 10000
Rh_0301_0302 301 302 10000
Rv_0301_0340 301 340 1
Rh_0302_0303 302 303 10000
Rv_0302_0341 302 341 10000
Rh_0303_0304 303 304 10000
Rv_0303_0342 303 342 1
Rh_0304_0305 304 305 10000
Rv_0304_0343 304 343 10000
Rh_0305_0306 305 306 10000
Rv_0305_0344 305 344 1
Rh_0306_0307 306 307 10000
Rv_0306_0345 306 345 10000
Rh_0307_0308 307 308 10000
Rv_0307_0346 307 346 1
Rh_0308_0309 308 309 10000
Rv_0308_0347 308 347 10000
Rh_0309_0310 309 310 10000
Rv_0309_0348 309 348 10000
Rh_0310_0311 310 311 10000
Rv_0310_0349 310 349 10000
Rv_0311_0350 311 350 1
Rh_0312_0313 312 313 10000
Rv_0312_0351 312 351 1
Rh_0313_0314 313 314 10000
Rv_0313_0352 313 352 10000
Rh_0314_0315 314 315 10000
Rv_0314_0353 314 353 1
Rh_0315_0316 315 316 10000
Rv_0315_0354 315 354 10000
Rh_0316_0317 316 317 1
Rv_0316_0355 316 355 10000
Rh_0317_0318 317 318 1
Rv_0317_0356 317 356 10000
Rh_0318_0319 318 319 10000
Rv_0318_0357 318 357 10000
Rh_0319_0320 319 320 10000
Rv_0319_0358 319 358 10000
Rh_0320_0321 320 321 1
Rv_0320_0359 320 359 1
Rh_0321_0322 321 322 1
Rv_0321_0360 321 360 10000
Rh_0322_0323 322 323 1
Rv_0322_0361 322 361 10000
Rh_0323_0324 323 324 1
Rv_0323_0362 323 362 10000
Rh_0324_0325 324 325 10000
Rv_0324_0363 324 363 1
Rh_0325_0326 325 326 10000
Rv_0325_0364 325 364 10000
Rh_0326_0327 326 327 1
Rv_0326_0365 326 365 10000
Rh_0327_0328 327 328 1
Rv_0327_0366 327 366 10000
Rh_0328_0329 328 329 10000
Rv_0328_0367 328 367 1
Rh_0329_0330 329 330 10000
Rv_0329_0368 329 368 10000
Rh_0330_0331 330 331 10000
Rv_0330_0369 330 369 1
Rh_0331_0332 331 332 10000
Rv_0331_0370 331 370 10000
Rh_0332_0333 332 333 1
Rv_0332_0371 332 371 1
Rh_0333_0334 333 334 1
Rv_0333_0372 333 372 10000
Rh_0334_0335 334 335 10000
Rv_0334_0373 334 373 10000
Rh_0335_0336 335 336 10000
Rv_0335_0374 335 374 10000
Rh_0336_0337 336 337 10000
Rv_0336_0375 336 375 1
Rh_0337_0338 337 338 10000
Rv_0337_0376 337 376 10000
Rh_0338_0339 338 339 10000
Rv_0338_0377 338 377 1
Rh_0339_0340 339 340 10000
Rv_0339_0378 339 378 10000
Rh_0340_0341 340 341 1
Rv_0340_0379 340 379 10000
Rh_0341_0342 341 342 1
Rv_0341_0380 341 380 10000
Rh_0342_0343 342 343 10000
Rv_0342_0381 342 381 10000
Rh_0343_0344 343 344 10000
Rv_0343_0382 343 382 10000
Rh_0344_0345 344 345 10000
Rv_0344_0383 344 383 1
Rh_0345_0346 345 346 10000
Rv_0345_0384 345 384 10000
Rh_0346_0347 346 347 1
Rv_0346_0385 346 385 10000
Rh_0347_0348 347 348 1
Rv_0347_0386 347 386 10000
Rh_0348_0349 348 349 10000
Rv_0348_0387 348 387 1
Rh_0349_0350 349 350 10000
Rv_0349_0388 349 388 10000
Rv_0350_0389 350 389 1
Rh_0351_0352 351 352 10000
Rv_0351_0390 351 390 1
Rh_0352_0353 352 353 10000
Rv_0352_0391 352 391 10000
Rh_0353_0354 353 354 10000
Rv_0353_0392 353 392 1
Rh_0354_0355 354 355 10000
Rv_0354_0393 354 393 10000
Rh_0355_0356 355 356 10000
Rv_0355_0394 355 394 10000
Rh_0356_0357 356 357 10000
Rv_0356_0395 356 395 10000
Rh_0357_0358 357 358 10000
Rv_0357_0396 357 396 10000
Rh_0358_0359 358 359 10000
Rv_0358_0397 358 397 10000
Rh_0359_0360 359 360 10000
Rv_0359_0398 359 398 1
Rh_0360_0361 360 361 10000
Rv_0360_0399 360 399 10000
Rh_0361_0362 361 362 10000
Rv_0361_0400 361 400 10000
Rh_0362_0363 362 363 10000
Rv_0362_0401 362 401 10000
Rh_0363_0364 363 364 10000
Rv_0363_0402 363 402 1
Rh_0364_0365 364 365 10000
Rv_0364_0403 364 403 10000
Rh_0365_0366 365 366 10000
Rv_0365_0404 365 404 10000
Rh_0366_0367 366 367 10000
Rv_0366_0405 366 405 10000
Rh_0367_0368 367 368 10000
Rv_0367_0406 367 406 1
Rh_0368_0369 368 369 10000
Rv_0368_0407 368 407 10000
Rh_0369_0370 369 370 10000
Rv_0369_0408 369 408 1
Rh_0370_0371 370 371 10000
Rv_0370_0409 370 409 10000
Rh_0371_0372 371 372 10000
Rv_0371_0410 371 410 1
Rh_0372_0373 372 373 10000
Rv_0372_0411 372 411 10000
Rh_0373_0374 373 374 10000
Rv_0373_0412 373 412 10000
Rh_0374_0375 374 375 10000
Rv_0374_0413 374 413 10000
Rh_0375_0376 375 376 10000
Rv_0375_0414 375 414 1
Rh_0376_0377 376 377 10000
Rv_0376_0415 376 415 10000
Rh_0377_0378 377 378 10000
Rv_0377_0416 377 416 1
Rh_0378_0379 378 379 10000
Rv_0378_0417 378 417 10000
Rh_0379_0380 379 380 10000
Rv_0379_0418 379 418 10000
Rh_0380_0381 380 381 10000
Rv_0380_0419 380 419 10000
Rh_0381_0382 381 382 10000
Rv_0381_0420 381 420 10000
Rh_0382_0383 382 383 10000
Rv_0382_0421 382 421 10000
Rh_0383_0384 383 384 10000
Rv_0383_0422 383 422 1
Rh_0384_0385 384 385 10000
Rv_0384_0423 384 423 10000
Rh_0385_0386 385 386 10000
Rv_0385_0424 385 424 10000
Rh_0386_0387 386 387 10000
Rv_0386_0425 386 425 10000
Rh_0387_0388 387 388 10000
Rv_0387_0426 387 426 1
Rh_0388_0389 388 389 10000
Rv_0388_0427 388 427 10000
Rv_0389_0428 389 428 1
Rh_0390_0391 390 391 10000
Rv_0390_0429 390 429 1
Rh_0391_0392 391 392 10000
Rv_0391_0430 391 430 10000
Rh_0392_0393 392 393 1
Rv_0392_0431 392 431 10000
Rh_0393_0394 393 394 1
Rv_0393_0432 393 432 10000
Rh_0394_0395 394 395 1
Rv_0394_0433 394 433 10000
Rh_0395_0396 395 396 1
Rv_0395_0434 395 434 10000
Rh_0396_0397 396 397 10000
Rv_0396_0435 396 435 1
Rh_0397_0398 397 398 10000
Rv_0397_0436 397 436 10000
Rh_0398_0399 398 399 10000
Rv_0398_0437 398 437 1
Rh_0399_0400 399 400 10000
Rv_0399_0438 399 438 10000
Rh_0400_0401 400 401 1
Rv_0400_0439 400 439 10000
Rh_0401_0402 401 402 1
Rv_0401_0440 401 440 10000
Rh_0402_0403 402 403 10000
Rv_0402_0441 402 441 1
Rh_0403_0404 403 404 10000
Rv_0403_0442 403 442 10000
Rh_0404_0405 404 405 10000
Rv_0404_0443 404 443 1
Rh_0405_0406 405 406 10000
Rv_0405_0444 405 444 10000
Rh_0406_0407 406 407 10000
Rv_0406_0445 406 445 1
Rh_0407_0408 407 408 10000
Rv_0407_0446 407 446 10000
Rh_0408_0409 408 409 10000
Rv_0408_0447 408 447 10000
Rh_0409_0410 409 410 10000
Rv_0409_0448 409 448 10000
Rh_0410_0411 410 411 10000
Rv_0410_0449 410 449 1
Rh_0411_0412 411 412 10000
Rv_0411_0450 411 450 10000
Rh_0412_0413 412 413 1
Rv_0412_0451 412 451 1
Rh_0413_0414 413 414 1
Rv_0413_0452 413 452 10000
Rh_0414_0415 414 415 10000
Rv_0414_0453 414 453 1
Rh_0415_0416 415 416 10000
Rv_0415_0454 415 454 10000
Rh_0416_0417 416 417 1
Rv_0416_0455 416 455 10000
Rh_0417_0418 417 418 1
Rv_0417_0456 417 456 10000
Rh_0418_0419 418 419 1
Rv_0418_0457 418 457 10000
Rh_0419_0420 419 420 1
Rv_0419_0458 419 458 10000
Rh_0420_0421 420 421 1
Rv_0420_0459 420 459 10000
Rh_0421_0422 421 422 1
Rv_0421_0460 421 460 10000
Rh_0422_0423 422 423 1
Rv_0422_0461 422 461 1
Rh_0423_0424 423 424 1
Rv_0423_0462 423 462 10000
Rh_0424_0425 424 425 10000
Rv_0424_0463 424 463 1
Rh_0425_0426 425 426 10000
Rv_0425_0464 425 464 10000
Rh_0426_0427 426 427 1
Rv_0426_0465 426 465 10000
Rh_0427_0428 427 428 1
Rv_0427_0466 427 466 10000
Rv_0428_0467 428 467 1
Rh_0429_0430 429 430 10000
Rv_0429_0468 429 468 1
Rh_0430_0431 430 431 10000
Rv_0430_0469 430 469 10000
Rh_0431_0432 431 432 10000
Rv_0431_0470 431 470 10000
Rh_0432_0433 432 433 10000
Rv_0432_0471 432 471 10000
Rh_0433_0434 433 434 10000
Rv_0433_0472 433 472 10000
Rh_0434_0435 434 435 10000
Rv_0434_0473 434 473 10000
Rh_0435_0436 435 436 10000
Rv_0435_0474 435 474 1
Rh_0436_0437 436 437 10000
Rv_0436_0475 436 475 10000
Rh_0437_0438 437 438 10000
Rv_0437_0476 437 476 1
Rh_0438_0439 438 439 10000
Rv_0438_0477 438 477 10000
Rh_0439_0440 439 440 10000
Rv_0439_0478 439 478 10000
Rh_0440_0441 440 441 10000
Rv_0440_0479 440 479 10000
Rh_0441_0442 441 442 10000
Rv_0441_0480 441 480 1
Rh_0442_0443 442 443 10000
Rv_0442_0481 442 481 10000
Rh_0443_0444 443 444 10000
Rv_0443_0482 443 482 1
Rh_0444_0445 444 445 10000
Rv_0444_0483 444 483 10000
Rh_0445_0446 445 446 10000
Rv_0445_0484 445 484 1
Rh_0446_0447 446 447 10000
Rv_0446_0485 446 485 10000
Rh_0447_0448 447 448 10000
Rv_0447_0486 447 486 10000
Rh_0448_0449 448 449 10000
Rv_0448_0487 448 487 10000
Rh_0449_0450 449 450 10000
Rv_0449_0488 449 488 1
Rh_0450_0451 450 451 10000
Rv_0450_0489 450 489 10000
Rh_0451_0452 451 452 10000
Rv_0451_0490 451 490 1
Rh_0452_0453 452 453 10000
Rv_0452_0491 452 491 10000
Rh_0453_0454 453 454 10000
Rv_0453_0492 453 492 1
Rh_0454_0455 454 455 10000
Rv_0454_0493 454 493 10000
Rh_0455_0456 455 456 10000
Rv_0455_0494 455 494 10000
Rh_0456_0457 456 457 10000
Rv_0456_0495 456 495 10000
Rh_0457_0458 457 458 10000
Rv_0457_0496 457 496 10000
Rh_0458_0459 458 459 10000
Rv_0458_0497 458 497 10000
Rh_0459_0460 459 460 10000
Rv_0459_0498 459 498 10000
Rh_0460_0461 460 461 10000
Rv_0460_0499 460 499 10000
Rh_0461_0462 461 462 10000
Rv_0461_0500 461 500 1
Rh_0462_0463 462 463 10000
Rv_0462_0501 462 501 10000
Rh_0463_0464 463 464 10000
Rv_0463_0502 463 502 1
Rh_0464_0465 464 465 10000
Rv_0464_0503 464 503 10000
Rh_0465_0466 465 466 10000
Rv_0465_0504 465 504 10000
Rh_0466_0467 466 467 10000
Rv_0466_0505 466 505 10000
Rv_0467_0506 467 506 1
Rh_0468_0469 468 469 1
Rv_0468_0507 468 507 10000
Rh_0469_0470 469 470 1
Rv_0469_0508 469 508 10000
Rh_0470_0471 470 471 1
Rv_0470_0509 470 509 10000
Rh_0471_0472 471 472 1
Rv_0471_0510 471 510 10000
Rh_0472_0473 472 473 10000
Rv_0472_0511 472 511 1
Rh_0473_0474 473 474 10000
Rv_0473_0512 473 512 10000
Rh_0474_0475 474 475 10000
Rv_0474_0513 474 513 1
Rh_0475_0476 475 476 10000
Rv_0475_0514 475 514 10000
Rh_0476_0477 476 477 1
Rv_0476_0515 476 515 10000
Rh_0477_0478 477 478 1
Rv_0477_0516 477 516 10000
Rh_0478_0479 478 479 10000
Rv_0478_0517 478 517 1
Rh_0479_0480 479 480 10000
Rv_0479_0518 479 518 10000
Rh_0480_0481 480 481 1
Rv_0480_0519 480 519 1
Rh_0481_0482 481 482 1
Rv_0481_0520 481 520 10000
Rh_0482_0483 482 483 10000
Rv_0482_0521 482 521 1
Rh_0483_0484 483 484 10000
Rv_0483_0522 483 522 10000
Rh_0484_0485 484 485 1
Rv_0484_0523 484 523 10000
Rh_0485_0486 485 486 1
Rv_0485_0524 485 524 10000
Rh_0486_0487 486 487 1
Rv_0486_0525 486 525 10000
Rh_0487_0488 487 488 1
Rv_0487_0526 487 526 10000
Rh_0488_0489 488 489 10000
Rv_0488_0527 488 527 10000
Rh_0489_0490 489 490 10000
Rv_0489_0528 489 528 10000
Rh_0490_0491 490 491 10000
Rv_0490_0529 490 529 10000
Rh_0491_0492 491 492 10000
Rv_0491_0530 491 530 10000
Rh_0492_0493 492 493 10000
Rv_0492_0531 492 531 1
Rh_0493_0494 493 494 10000
Rv_0493_0532 493 532 10000
Rh_0494_0495 494 495 1
Rv_0494_0533 494 533 1
Rh_0495_0496 495 496 1
Rv_0495_0534 495 534 10000
Rh_0496_0497 496 497 1
Rv_0496_0535 496 535 10000
Rh_0497_0498 497 498 1
Rv_0497_0536 497 536 10000
Rh_0498_0499 498 499 10000
Rv_0498_0537 498 537 1
Rh_0499_0500 499 500 10000
Rv_0499_0538 499 538 10000
Rh_0500_0501 500 501 10000
Rv_0500_0539 500 539 1
Rh_0501_0502 501 502 10000
Rv_0501_0540 501 540 10000
Rh_0502_0503 502 503 10000
Rv_0502_0541 502 541 10000
Rh_0503_0504 503 504 10000
Rv_0503_0542 503 542 10000
Rh_0504_0505 504 505 1
Rv_0504_0543 504 543 1
Rh_0505_0506 505 506 1
Rv_0505_0544 505 544 10000
Rv_0506_0545 506 545 1
Rh_0507_0508 507 508 10000
Rv_0507_0546 507 546 10000
Rh_0508_0509 508 509 10000
Rv_0508_0547 508 547 10000
Rh_0509_0510 509 510 10000
Rv_0509_0548 509 548 10000
Rh_0510_0511 510 511 10000
Rv_0510_0549 510 549 10000
Rh_0511_0512 511 512 10000
Rv_0511_0550 511 550 1
Rh_0512_0513 512 513 10000
Rv_0512_0551 512 551 10000
Rh_0513_0514 513 514 10000
Rv_0513_0552 513 552 1
Rh_0514_0515 514 515 10000
Rv_0514_0553 514 553 10000
Rh_0515_0516 515 516 10000
Rv_0515_0554 515 554 10000
Rh_0516_0517 516 517 10000
Rv_0516_0555 516 555 10000
Rh_0517_0518 517 518 10000
Rv_0517_0556 517 556 1
Rh_0518_0519 518 519 10000
Rv_0518_0557 518 557 10000
Rh_0519_0520 519 520 10000
Rv_0519_0558 519 558 1
Rh_0520_0521 520 521 10000
Rv_0520_0559 520 559 10000
Rh_0521_0522 521 522 10000
Rv_0521_0560 521 560 1
Rh_0522_0523 522 523 10000
Rv_0522_0561 522 561 10000
Rh_0523_0524 523 524 10000
Rv_0523_0562 523 562 10000
Rh_0524_0525 524 525 10000
Rv_0524_0563 524 563 10000
Rh_0525_0526 525 526 10000
Rv_0525_0564 525 564 10000
Rh_0526_0527 526 527 10000
Rv_0526_0565 526 565 10000
Rh_0527_0528 527 528 10000
Rv_0527_0566 527 566 10000
Rh_0528_0529 528 529 10000
Rv_0528_0567 528 567 10000
Rh_0529_0530 529 530 10000
Rv_0529_0568 529 568 10000
Rh_0530_0531 530 531 10000
Rv_0530_0569 530 569 10000
Rh_0531_0532 531 532 10000
Rv_0531_0570 531 570 1
Rh_0532_0533 532 533 10000
Rv_0532_0571 532 571 10000
Rh_0533_0534 533 534 10000
Rv_0533_0572 533 572 1
Rh_0534_0535 534 535 10000
Rv_0534_0573 534 573 10000
Rh_0535_0536 535 536 10000
Rv_0535_0574 535 574 10000
Rh_0536_0537 536 537 10000
Rv_0536_0575 536 575 10000
Rh_0537_0538 537 538 10000
Rv_0537_0576 537 576 1
Rh_0538_0539 538 539 10000
Rv_0538_0577 538 577 10000
Rh_0539_0540 539 540 10000
Rv_0539_0578 539 578 1
Rh_0540_0541 540 541 10000
Rv_0540_0579 540 579 10000
Rh_0541_0542 541 542 10000
Rv_0541_0580 541 580 10000
Rh_0542_0543 542 543 10000
Rv_0542_0581 542 581 10000
Rh_0543_0544 543 544 10000
Rv_0543_0582 543 582 1
Rh_0544_0545 544 545 10000
Rv_0544_0583 544 583 10000
Rv_0545_0584 545 584 10000
Rh_0546_0547 546 547 1
Rv_0546_0585 546 585 1
Rh_0547_0548 547 548 1
Rv_0547_0586 547 586 10000
Rh_0548_0549 548 549 10000
Rv_0548_0587 548 587 1
Rh_0549_0550 549 550 10000
Rv_0549_0588 549 588 10000
Rh_0550_0551 550 551 10000
Rv_0550_0589 550 589 1
Rh_0551_0552 551 552 10000
Rv_0551_0590 551 590 10000
Rh_0552_0553 552 553 10000
Rv_0552_0591 552 591 1
Rh_0553_0554 553 554 10000
Rv_0553_0592 553 592 10000
Rh_0554_0555 554 555 1
Rv_0554_0593 554 593 1
Rh_0555_0556 555 556 1
Rv_0555_0594 555 594 10000
Rh_0556_0557 556 557 10000
Rv_0556_0595 556 595 10000
Rh_0557_0558 557 558 10000
Rv_0557_0596 557 596 10000
Rh_0558_0559 558 559 10000
Rv_0558_0597 558 597 10000
Rh_0559_0560 559 560 10000
Rv_0559_0598 559 598 10000
Rh_0560_0561 560 561 1
Rv_0560_0599 560 599 1
Rh_0561_0562 561 562 1
Rv_0561_0600 561 600 10000
Rh_0562_0563 562 563 10000
Rv_0562_0601 562 601 1
Rh_0563_0564 563 564 10000
Rv_0563_0602 563 602 10000
Rh_0564_0565 564 565 1
Rv_0564_0603 564 603 10000
Rh_0565_0566 565 566 1
Rv_0565_0604 565 604 10000
Rh_0566_0567 566 567 10000
Rv_0566_0605 566 605 1
Rh_0567_0568 567 568 10000
Rv_0567_0606 567 606 10000
Rh_0568_0569 568 569 1
Rv_0568_0607 568 607 1
Rh_0569_0570 569 570 1
Rv_0569_0608 569 608 10000
Rh_0570_0571 570 571 10000
Rv_0570_0609 570 609 10000
Rh_0571_0572 571 572 10000
Rv_0571_0610 571 610 10000
Rh_0572_0573 572 573 10000
Rv_0572_0611 572 611 10000
Rh_0573_0574 573 574 10000
Rv_0573_0612 573 612 10000
Rh_0574_0575 574 575 1
Rv_0574_0613 574 613 1
Rh_0575_0576 575 576 1
Rv_0575_0614 575 614 10000
Rh_0576_0577 576 577 10000
Rv_0576_0615 576 615 10000
Rh_0577_0578 577 578 10000
Rv_0577_0616 577 616 10000
Rh_0578_0579 578 579 1
Rv_0578_0617 578 617 10000
Rh_0579_0580 579 580 1
Rv_0579_0618 579 618 10000
Rh_0580_0581 580 581 10000
Rv_0580_0619 580 619 1
Rh_0581_0582 581 582 10000
Rv_0581_0620 581 620 10000
Rh_0582_0583 582 583 1
Rv_0582_0621 582 621 10000
Rh_0583_0584 583 584 1
Rv_0583_0622 583 622 10000
Rv_0584_0623 584 623 1
Rh_0585_0586 585 586 10000
Rv_0585_0624 585 624 1
Rh_0586_0587 586 587 10000
Rv_0586_0625 586 625 10000
Rh_0587_0588 587 588 10000
Rv_0587_0626 587 626 1
Rh_0588_0589 588 589 10000
Rv_0588_0627 588 627 10000
Rh_0589_0590 589 590 10000
Rv_0589_0628 589 628 1
Rh_0590_0591 590 591 10000
Rv_0590_0629 590 629 10000
Rh_0591_0592 591 592 10000
Rv_0591_0630 591 630 1
Rh_0592_0593 592 593 10000
Rv_0592_0631 592 631 10000
Rh_0593_0594 593 594 10000
Rv_0593_0632 593 632 1
Rh_0594_0595 594 595 10000
Rv_0594_0633 594 633 10000
Rh_0595_0596 595 596 10000
Rv_0595_0634 595 634 10000
Rh_0596_0597 596 597 10000
Rv_0596_0635 596 635 10000
Rh_0597_0598 597 598 10000
Rv_0597_0636 597 636 10000
Rh_0598_0599 598 599 10000
Rv_0598_0637 598 637 10000
Rh_0599_0600 599 600 10000
Rv_0599_0638 599 638 1
Rh_0600_0601 600 601 10000
Rv_0600_0639 600 639 10000
Rh_0601_0602 601 602 10000
Rv_0601_0640 601 640 1
Rh_0602_0603 602 603 10000
Rv_0602_0641 602 641 10000
Rh_0603_0604 603 604 10000
Rv_0603_0642 603 642 10000
Rh_0604_0605 604 605 10000
Rv_0604_0643 604 643 10000
Rh_0605_0606 605 606 10000
Rv_0605_0644 605 644 1
Rh_0606_0607 606 607 10000
Rv_0606_0645 606 645 10000
Rh_0607_0608 607 608 10000
Rv_0607_0646 607 646 1
Rh_0608_0609 608 609 10000
Rv_0608_0647 608 647 10000
Rh_0609_0610 609 610 10000
Rv_0609_0648 609 648 10000
Rh_0610_0611 610 611 10000
Rv_0610_0649 610 649 10000
Rh_0611_0612 611 612 10000
Rv_0611_0650 611 650 10000
Rh_0612_0613 612 613 10000
Rv_0612_0651 612 651 10000
Rh_0613_0614 613 614 10000
Rv_0613_0652 613 652 1
Rh_0614_0615 614 615 10000
Rv_0614_0653 614 653 10000
Rh_0615_0616 615 616 10000
Rv_0615_0654 615 654 10000
Rh_0616_0617 616 617 10000
Rv_0616_0655 616 655 10000
Rh_0617_0618 617 618 10000
Rv_0617_0656 617 656 10000
Rh_0618_0619 618 619 10000
Rv_0618_0657 618 657 10000
Rh_0619_0620 619 620 10000
Rv_0619_0658 619 658 1
Rh_0620_0621 620 621 10000
Rv_0620_0659 620 659 10000
Rh_0621_0622 621 622 10000
Rv_0621_0660 621 660 10000
Rh_0622_0623 622 623 10000
Rv_0622_0661 622 661 10000
Rv_0623_0662 623 662 1
Rh_0624_0625 624 625 10000
Rv_0624_0663 624 663 1
Rh_0625_0626 625 626 10000
Rv_0625_0664 625 664 10000
Rh_0626_0627 626 627 10000
Rv_0626_0665 626 665 1
Rh_0627_0628 627 628 10000
Rv_0627_0666 627 666 10000
Rh_0628_0629 628 629 1
Rv_0628_0667 628 667 10000
Rh_0629_0630 629 630 1
Rv_0629_0668 629 668 10000
Rh_0630_0631 630 631 1
Rv_0630_0669 630 669 10000
Rh_0631_0632 631 632 1
Rv_0631_0670 631 670 10000
Rh_0632_0633 632 633 10000
Rv_0632_0671 632 671 10000
Rh_0633_0634 633 634 10000
Rv_0633_0672 633 672 10000
Rh_0634_0635 634 635 1
Rv_0634_0673 634 673 1
Rh_0635_0636 635 636 1
Rv_0635_0674 635 674 10000
Rh_0636_0637 636 637 1
Rv_0636_0675 636 675 10000
Rh_0637_0638 637 638 1
Rv_0637_0676 637 676 10000
Rh_0638_0639 638 639 10000
Rv_0638_0677 638 677 10000
Rh_0639_0640 639 640 10000
Rv_0639_0678 639 678 10000
Rh_0640_0641 640 641 1
Rv_0640_0679 640 679 10000
Rh_0641_0642 641 642 1
Rv_0641_0680 641 680 10000
Rh_0642_0643 642 643 10000
Rv_0642_0681 642 681 1
Rh_0643_0644 643 644 10000
Rv_0643_0682 643 682 10000
Rh_0644_0645 644 645 10000
Rv_0644_0683 644 683 1
Rh_0645_0646 645 646 10000
Rv_0645_0684 645 684 10000
Rh_0646_0647 646 647 1
Rv_0646_0685 646 685 1
Rh_0647_0648 647 648 1
Rv_0647_0686 647 686 10000
Rh_0648_0649 648 649 10000
Rv_0648_0687 648 687 10000
Rh_0649_0650 649 650 10000
Rv_0649_0688 649 688 10000
Rh_0650_0651 650 651 1
Rv_0650_0689 650 689 1
Rh_0651_0652 651 652 1
Rv_0651_0690 651 690 10000
Rh_0652_0653 652 653 10000
Rv_0652_0691 652 691 10000
Rh_0653_0654 653 654 10000
Rv_0653_0692 653 692 10000
Rh_0654_0655 654 655 1
Rv_0654_0693 654 693 1
Rh_0655_0656 655 656 1
Rv_0655_0694 655 694 10000
Rh_0656_0657 656 657 10000
Rv_0656_0695 656 695 1
Rh_0657_0658 657 658 10000
Rv_0657_0696 657 696 10000
Rh_0658_0659 658 659 1
Rv_0658_0697 658 697 10000
Rh_0659_0660 659 660 1
Rv_0659_0698 659 698 10000
Rh_0660_0661 660 661 10000
Rv_0660_0699 660 699 1
Rh_0661_0662 661 662 10000
Rv_0661_0700 661 700 10000
Rv_0662_0701 662 701 1
Rh_0663_0664 663 664 10000
Rv_0663_0702 663 702 1
Rh_0664_0665 664 665 10000
Rv_0664_0703 664 703 10000
Rh_0665_0666 665 666 10000
Rv_0665_0704 665 704 1
Rh_0666_0667 666 667 10000
Rv_0666_0705 666 705 10000
Rh_0667_0668 667 668 10000
Rv_0667_0706 667 706 10000
Rh_0668_0669 668 669 10000
Rv_0668_0707 668 707 10000
Rh_0669_0670 669 670 10000
Rv_0669_0708 669 708 10000
Rh_0670_0671 670 671 10000
Rv_0670_0709 670 709 10000
Rh_0671_0672 671 672 10000
Rv_0671_0710 671 710 10000
Rh_0672_0673 672 673 10000
Rv_0672_0711 672 711 10000
Rh_0673_0674 673 674 10000
Rv_0673_0712 673 712 1
Rh_0674_0675 674 675 10000
Rv_0674_0713 674 713 10000
Rh_0675_0676 675 676 10000
Rv_0675_0714 675 714 10000
Rh_0676_0677 676 677 10000
Rv_0676_0715 676 715 10000
Rh_0677_0678 677 678 10000
Rv_0677_0716 677 716 10000
Rh_0678_0679 678 679 10000
Rv_0678_0717 678 717 10000
Rh_0679_0680 679 680 10000
Rv_0679_0718 679 718 10000
Rh_0680_0681 680 681 10000
Rv_0680_0719 680 719 10000
Rh_0681_0682 681 682 10000
Rv_0681_0720 681 720 1
Rh_0682_0683 682 683 10000
Rv_0682_0721 682 721 10000
Rh_0683_0684 683 684 10000
Rv_0683_0722 683 722 1
Rh_0684_0685 684 685 10000
Rv_0684_0723 684 723 10000
Rh_0685_0686 685 686 10000
Rv_0685_0724 685 724 1
Rh_0686_0687 686 687 10000
Rv_0686_0725 686 725 10000
Rh_0687_0688 687 688 10000
Rv_0687_0726 687 726 10000
Rh_0688_0689 688 689 10000
Rv_0688_0727 688 727 10000
Rh_0689_0690 689 690 10000
Rv_0689_0728 689 728 1
Rh_0690_0691 690 691 10000
Rv_0690_0729 690 729 10000
Rh_0691_0692 691 692 10000
Rv_0691_0730 691 730 10000
Rh_0692_0693 692 693 10000
Rv_0692_0731 692 731 10000
Rh_0693_0694 693 694 10000
Rv_0693_0732 693 732 1
Rh_0694_0695 694 695 10000
Rv_0694_0733 694 733 10000
Rh_0695_0696 695 696 10000
Rv_0695_0734 695 734 1
Rh_0696_0697 696 697 10000
Rv_0696_0735 696 735 10000
Rh_0697_0698 697 698 10000
Rv_0697_0736 697 736 10000
Rh_0698_0699 698 699 10000
Rv_0698_0737 698 737 10000
Rh_0699_0700 699 700 10000
Rv_0699_0738 699 738 1
Rh_0700_0701 700 701 10000
Rv_0700_0739 700 739 10000
Rv_0701_0740 701 740 10000
Rh_0702_0703 702 703 10000
Rv_0702_0741 702 741 1
Rh_0703_0704 703 704 10000
Rv_0703_0742 703 742 10000
Rh_0704_0705 704 705 1
Rv_0704_0743 704 743 1
Rh_0705_0706 705 706 1
Rv_0705_0744 705 744 10000
Rh_0706_0707 706 707 10000
Rv_0706_0745 706 745 1
Rh_0707_0708 707 708 10000
Rv_0707_0746 707 746 10000
Rh_0708_0709 708 709 1
Rv_0708_0747 708 747 1
Rh_0709_0710 709 710 1
Rv_0709_0748 709 748 10000
Rh_0710_0711 710 711 10000
Rv_0710_0749 710 749 10000
Rh_0711_0712 711 712 10000
Rv_0711_0750 711 750 10000
Rh_0712_0713 712 713 1
Rv_0712_0751 712 751 10000
Rh_0713_0714 713 714 1
Rv_0713_0752 713 752 10000
Rh_0714_0715 714 715 1
Rv_0714_0753 714 753 10000
Rh_0715_0716 715 716 1
Rv_0715_0754 715 754 10000
Rh_0716_0717 716 717 10000
Rv_0716_0755 716 755 1
Rh_0717_0718 717 718 10000
Rv_0717_0756 717 756 10000
Rh_0718_0719 718 719 1
Rv_0718_0757 718 757 1
Rh_0719_0720 719 720 1
Rv_0719_0758 719 758 10000
Rh_0720_0721 720 721 10000
Rv_0720_0759 720 759 10000
Rh_0721_0722 721 722 10000
Rv_0721_0760 721 760 10000
Rh_0722_0723 722 723 10000
Rv_0722_0761 722 761 1
Rh_0723_0724 723 724 10000
Rv_0723_0762 723 762 10000
Rh_0724_0725 724 725 1
Rv_0724_0763 724 763 1
Rh_0725_0726 725 726 1
Rv_0725_0764 725 764 10000
Rh_0726_0727 726 727 1
Rv_0726_0765 726 765 10000
Rh_0727_0728 727 728 1
Rv_0727_0766 727 766 10000
Rh_0728_0729 728 729 1
Rv_0728_0767 728 767 10000
Rh_0729_0730 729 730 1
Rv_0729_0768 729 768 10000
Rh_0730_0731 730 731 10000
Rv_0730_0769 730 769 1
Rh_0731_0732 731 732 10000
Rv_0731_0770 731 770 10000
Rh_0732_0733 732 733 10000
Rv_0732_0771 732 771 1
Rh_0733_0734 733 734 10000
Rv_0733_0772 733 772 10000
Rh_0734_0735 734 735 1
Rv_0734_0773 734 773 10000
Rh_0735_0736 735 736 1
Rv_0735_0774 735 774 10000
Rh_0736_0737 736 737 10000
Rv_0736_0775 736 775 1
Rh_0737_0738 737 738 10000
Rv_0737_0776 737 776 10000
Rh_0738_0739 738 739 1
Rv_0738_0777 738 777 10000
Rh_0739_0740 739 740 1
Rv_0739_0778 739 778 10000
Rv_0740_0779 740 779 1
Rh_0741_0742 741 742 10000
Rv_0741_0780 741 780 1
Rh_0742_0743 742 743 10000
Rv_0742_0781 742 781 10000
Rh_0743_0744 743 744 10000
Rv_0743_0782 743 782 1
Rh_0744_0745 744 745 10000
Rv_0744_0783 744 783 10000
Rh_0745_0746 745 746 10000
Rv_0745_0784 745 784 1
Rh_0746_0747 746 747 10000
Rv_0746_0785 746 785 10000
Rh_0747_0748 747 748 10000
Rv_0747_0786 747 786 1
Rh_0748_0749 748 749 10000
Rv_0748_0787 748 787 10000
Rh_0749_0750 749 750 10000
Rv_0749_0788 749 788 10000
Rh_0750_0751 750 751 10000
Rv_0750_0789 750 789 10000
Rh_0751_0752 751 752 10000
Rv_0751_0790 751 790 10000
Rh_0752_0753 752 753 10000
Rv_0752_0791 752 791 10000
Rh_0753_0754 753 754 10000
Rv_0753_0792 753 792 10000
Rh_0754_0755 754 755 10000
Rv_0754_0793 754 793 10000
Rh_0755_0756 755 756 10000
Rv_0755_0794 755 794 1
Rh_0756_0757 756 757 10000
Rv_0756_0795 756 795 10000
Rh_0757_0758 757 758 10000
Rv_0757_0796 757 796 1
Rh_0758_0759 758 759 10000
Rv_0758_0797 758 797 10000
Rh_0759_0760 759 760 10000
Rv_0759_0798 759 798 10000
Rh_0760_0761 760 761 10000
Rv_0760_0799 760 799 10000
Rh_0761_0762 761 762 10000
Rv_0761_0800 761 800 1
Rh_0762_0763 762 763 10000
Rv_0762_0801 762 801 10000
Rh_0763_0764 763 764 10000
Rv_0763_0802 763 802 1
Rh_0764_0765 764 765 10000
Rv_0764_0803 764 803 10000
Rh_0765_0766 765 766 10000
Rv_0765_0804 765 804 10000
Rh_0766_0767 766 767 10000
Rv_0766_0805 766 805 10000
Rh_0767_0768 767 768 10000
Rv_0767_0806 767 806 10000
Rh_0768_0769 768 769 10000
Rv_0768_0807 768 807 10000
Rh_0769_0770 769 770 10000
Rv_0769_0808 769 808 1
Rh_0770_0771 770 771 10000
Rv_0770_0809 770 809 10000
Rh_0771_0772 771 772 10000
Rv_0771_0810 771 810 1
Rh_0772_0773 772 773 10000
Rv_0772_0811 772 811 10000
Rh_0773_0774 773 774 10000
Rv_0773_0812 773 812 10000
Rh_0774_0775 774 775 10000
Rv_0774_0813 774 813 10000
Rh_0775_0776 775 776 10000
Rv_0775_0814 775 814 1
Rh_0776_0777 776 777 10000
Rv_0776_0815 776 815 10000
Rh_0777_0778 777 778 10000
Rv_0777_0816 777 816 10000
Rh_0778_0779 778 779 10000
Rv_0778_0817 778 817 10000
Rv_0779_0818 779 818 1
Rh_0780_0781 780 781 10000
Rv_0780_0819 780 819 10000
Rh_0781_0782 781 782 10000
Rv_0781_0820 781 820 10000
Rh_0782_0783 782 783 10000
Rv_0782_0821 782 821 1
Rh_0783_0784 783 784 10000
Rv_0783_0822 783 822 10000
Rh_0784_0785 784 785 1
Rv_0784_0823 784 823 10000
Rh_0785_0786 785 786 1
Rv_0785_0824 785 824 10000
Rh_0786_0787 786 787 10000
Rv_0786_0825 786 825 10000
Rh_0787_0788 787 788 10000
Rv_0787_0826 787 826 10000
Rh_0788_0789 788 789 1
Rv_0788_0827 788 827 1
Rh_0789_0790 789 790 1
Rv_0789_0828 789 828 10000
Rh_0790_0791 790 791 10000
Rv_0790_0829 790 829 10000
Rh_0791_0792 791 792 10000
Rv_0791_0830 791 830 10000
Rh_0792_0793 792 793 1
Rv_0792_0831 792 831 1
Rh_0793_0794 793 794 1
Rv_0793_0832 793 832 10000
Rh_0794_0795 794 795 10000
Rv_0794_0833 794 833 10000
Rh_0795_0796 795 796 10000
Rv_0795_0834 795 834 10000
Rh_0796_0797 796 797 1
Rv_0796_0835 796 835 10000
Rh_0797_0798 797 798 1
Rv_0797_0836 797 836 10000
Rh_0798_0799 798 799 1
Rv_0798_0837 798 837 10000
Rh_0799_0800 799 800 1
Rv_0799_0838 799 838 10000
Rh_0800_0801 800 801 10000
Rv_0800_0839 800 839 10000
Rh_0801_0802 801 802 10000
Rv_0801_0840 801 840 10000
Rh_0802_0803 802 803 10000
Rv_0802_0841 802 841 1
Rh_0803_0804 803 804 10000
Rv_0803_0842 803 842 10000
Rh_0804_0805 804 805 1
Rv_0804_0843 804 843 1
Rh_0805_0806 805 806 1
Rv_0805_0844 805 844 10000
Rh_0806_0807 806 807 1
Rv_0806_0845 806 845 10000
Rh_0807_0808 807 808 1
Rv_0807_0846 807 846 10000
Rh_0808_0809 808 809 10000
Rv_0808_0847 808 847 10000
Rh_0809_0810 809 810 10000
Rv_0809_0848 809 848 10000
Rh_0810_0811 810 811 1
Rv_0810_0849 810 849 10000
Rh_0811_0812 811 812 1
Rv_0811_0850 811 850 10000
Rh_0812_0813 812 813 10000
Rv_0812_0851 812 851 1
Rh_0813_0814 813 814 10000
Rv_0813_0852 813 852 10000
Rh_0814_0815 814 815 10000
Rv_0814_0853 814 853 1
Rh_0815_0816 815 816 10000
Rv_0815_0854 815 854 10000
Rh_0816_0817 816 817 1
Rv_0816_0855 816 855 1
Rh_0817_0818 817 818 1
Rv_0817_0856 817 856 10000
Rv_0818_0857 818 857 10000
Rh_0819_0820 819 820 10000
Rv_0819_0858 819 858 10000
Rh_0820_0821 820 821 10000
Rv_0820_0859 820 859 10000
Rh_0821_0822 821 822 10000
Rv_0821_0860 821 860 1
Rh_0822_0823 822 823 10000
Rv_0822_0861 822 861 10000
Rh_0823_0824 823 824 10000
Rv_0823_0862 823 862 10000
Rh_0824_0825 824 825 10000
Rv_0824_0863 824 863 10000
Rh_0825_0826 825 826 10000
Rv_0825_0864 825 864 10000
Rh_0826_0827 826 827 10000
Rv_0826_0865 826 865 10000
Rh_0827_0828 827 828 10000
Rv_0827_0866 827 866 1
Rh_0828_0829 828 829 10000
Rv_0828_0867 828 867 10000
Rh_0829_0830 829 830 10000
Rv_0829_0868 829 868 10000
Rh_0830_0831 830 831 10000
Rv_0830_0869 830 869 10000
Rh_0831_0832 831 832 10000
Rv_0831_0870 831 870 1
Rh_0832_0833 832 833 10000
Rv_0832_0871 832 871 10000
Rh_0833_0834 833 834 10000
Rv_0833_0872 833 872 10000
Rh_0834_0835 834 835 10000
Rv_0834_0873 834 873 10000
Rh_0835_0836 835 836 10000
Rv_0835_0874 835 874 10000
Rh_0836_0837 836 837 10000
Rv_0836_0875 836 875 10000
Rh_0837_0838 837 838 10000
Rv_0837_0876 837 876 10000
Rh_0838_0839 838 839 10000
Rv_0838_0877 838 877 10000
Rh_0839_0840 839 840 10000
Rv_0839_0878 839 878 10000
Rh_0840_0841 840 841 10000
Rv_0840_0879 840 879 10000
Rh_0841_0842 841 842 10000
Rv_0841_0880 841 880 1
Rh_0842_0843 842 843 10000
Rv_0842_0881 842 881 10000
Rh_0843_0844 843 844 10000
Rv_0843_0882 843 882 1
Rh_0844_0845 844 845 10000
Rv_0844_0883 844 883 10000
Rh_0845_0846 845 846 10000
Rv_0845_0884 845 884 10000
Rh_0846_0847 846 847 10000
Rv_0846_0885 846 885 10000
Rh_0847_0848 847 848 10000
Rv_0847_0886 847 886 10000
Rh_0848_0849 848 849 10000
Rv_0848_0887 848 887 10000
Rh_0849_0850 849 850 10000
Rv_0849_0888 849 888 10000
Rh_0850_0851 850 851 10000
Rv_0850_0889 850 889 10000
Rh_0851_0852 851 852 10000
Rv_0851_0890 851 890 1
Rh_0852_0853 852 853 10000
Rv_0852_0891 852 891 10000
Rh_0853_0854 853 854 10000
Rv_0853_0892 853 892 1
Rh_0854_0855 854 855 10000
Rv_0854_0893 854 893 10000
Rh_0855_0856 855 856 10000
Rv_0855_0894 855 894 1
Rh_0856_0857 856 857 10000
Rv_0856_0895 856 895 10000
Rv_0857_0896 857 896 10000
Rh_0858_0859 858 859 1
Rv_0858_0897 858 897 1
Rh_0859_0860 859 860 1
Rv_0859_0898 859 898 10000
Rh_0860_0861 860 861 10000
Rv_0860_0899 860 899 1
Rh_0861_0862 861 862 10000
Rv_0861_0900 861 900 10000
Rh_0862_0863 862 863 1
Rv_0862_0901 862 901 1
Rh_0863_0864 863 864 1
Rv_0863_0902 863 902 10000
Rh_0864_0865 864 865 10000
Rv_0864_0903 864 903 1
Rh_0865_0866 865 866 10000
Rv_0865_0904 865 904 10000
Rh_0866_0867 866 867 1
Rv_0866_0905 866 905 10000
Rh_0867_0868 867 868 1
Rv_0867_0906 867 906 10000
Rh_0868_0869 868 869 10000
Rv_0868_0907 868 907 1
Rh_0869_0870 869 870 10000
Rv_0869_0908 869 908 10000
Rh_0870_0871 870 871 1
Rv_0870_0909 870 909 10000
Rh_0871_0872 871 872 1
Rv_0871_0910 871 910 10000
Rh_0872_0873 872 873 1
Rv_0872_0911 872 911 10000
Rh_0873_0874 873 874 1
Rv_0873_0912 873 912 10000
Rh_0874_0875 874 875 1
Rv_0874_0913 874 913 10000
Rh_0875_0876 875 876 1
Rv_0875_0914 875 914 10000
Rh_0876_0877 876 877 1
Rv_0876_0915 876 915 10000
Rh_0877_0878 877 878 1
Rv_0877_0916 877 916 10000
Rh_0878_0879 878 879 10000
Rv_0878_0917 878 917 1
Rh_0879_0880 879 880 10000
Rv_0879_0918 879 918 10000
Rh_0880_0881 880 881 10000
Rv_0880_0919 880 919 1
Rh_0881_0882 881 882 10000
Rv_0881_0920 881 920 10000
Rh_0882_0883 882 883 1
Rv_0882_0921 882 921 10000
Rh_0883_0884 883 884 1
Rv_0883_0922 883 922 10000
Rh_0884_0885 884 885 10000
Rv_0884_0923 884 923 1
Rh_0885_0886 885 886 10000
Rv_0885_0924 885 924 10000
Rh_0886_0887 886 887 1
Rv_0886_0925 886 925 1
Rh_0887_0888 887 888 1
Rv_0887_0926 887 926 10000
Rh_0888_0889 888 889 10000
Rv_0888_0927 888 927 10000
Rh_0889_0890 889 890 10000
Rv_0889_0928 889 928 10000
Rh_0890_0891 890 891 10000
Rv_0890_0929 890 929 1
Rh_0891_0892 891 892 10000
Rv_0891_0930 891 930 10000
Rh_0892_0893 892 893 10000
Rv_0892_0931 892 931 10000
Rh_0893_0894 893 894 10000
Rv_0893_0932 893 932 10000
Rh_0894_0895 894 895 10000
Rv_0894_0933 894 933 1
Rh_0895_0896 895 896 10000
Rv_0895_0934 895 934 10000
Rv_0896_0935 896 935 10000
Rh_0897_0898 897 898 10000
Rv_0897_0936 897 936 1
Rh_0898_0899 898 899 10000
Rv_0898_0937 898 937 10000
Rh_0899_0900 899 900 10000
Rv_0899_0938 899 938 1
Rh_0900_0901 900 901 10000
Rv_0900_0939 900 939 10000
Rh_0901_0902 901 902 10000
Rv_0901_0940 901 940 1
Rh_0902_0903 902 903 10000
Rv_0902_0941 902 941 10000
Rh_0903_0904 903 904 10000
Rv_0903_0942 903 942 1
Rh_0904_0905 904 905 10000
Rv_0904_0943 904 943 10000
Rh_0905_0906 905 906 10000
Rv_0905_0944 905 944 10000
Rh_0906_0907 906 907 10000
Rv_0906_0945 906 945 10000
Rh_0907_0908 907 908 10000
Rv_0907_0946 907 946 1
Rh_0908_0909 908 909 10000
Rv_0908_0947 908 947 10000
Rh_0909_0910 909 910 10000
Rv_0909_0948 909 948 10000
Rh_0910_0911 910 911 10000
Rv_0910_0949 910 949 10000
Rh_0911_0912 911 912 10000
Rv_0911_0950 911 950 10000
Rh_0912_0913 912 913 10000
Rv_0912_0951 912 951 10000
Rh_0913_0914 913 914 10000
Rv_0913_0952 913 952 10000
Rh_0914_0915 914 915 10000
Rv_0914_0953 914 953 10000
Rh_0915_0916 915 916 10000
Rv_0915_0954 915 954 10000
Rh_0916_0917 916 917 10000
Rv_0916_0955 916 955 10000
Rh_0917_0918 917 918 10000
Rv_0917_0956 917 956 1
Rh_0918_0919 918 919 10000
Rv_0918_0957 918 957 10000
Rh_0919_0920 919 920 10000
Rv_0919_0958 919 958 1
Rh_0920_0921 920 921 10000
Rv_0920_0959 920 959 10000
Rh_0921_0922 921 922 10000
Rv_0921_0960 921 960 10000
Rh_0922_0923 922 923 10000
Rv_0922_0961 922 961 10000
Rh_0923_0924 923 924 10000
Rv_0923_0962 923 962 1
Rh_0924_0925 924 925 10000
Rv_0924_0963 924 963 10000
Rh_0925_0926 925 926 10000
Rv_0925_0964 925 964 1
Rh_0926_0927 926 927 10000
Rv_0926_0965 926 965 10000
Rh_0927_0928 927 928 10000
Rv_0927_0966 927 966 10000
Rh_0928_0929 928 929 10000
Rv_0928_0967 928 967 10000
Rh_0929_0930 929 930 10000
Rv_0929_0968 929 968 1
Rh_0930_0931 930 931 10000
Rv_0930_0969 930 969 10000
Rh_0931_0932 931 932 10000
Rv_0931_0970 931 970 10000
Rh_0932_0933 932 933 10000
Rv_0932_0971 932 971 10000
Rh_0933_0934 933 934 10000
Rv_0933_0972 933 972 1
Rh_0934_0935 934 935 10000
Rv_0934_0973 934 973 10000
Rv_0935_0974 935 974 10000
Rh_0936_0937 936 937 10000
Rv_0936_0975 936 975 1
Rh_0937_0938 937 938 10000
Rv_0937_0976 937 976 10000
Rh_0938_0939 938 939 1
Rv_0938_0977 938 977 10000
Rh_0939_0940 939 940 1
Rv_0939_0978 939 978 10000
Rh_0940_0941 940 941 10000
Rv_0940_0979 940 979 10000
Rh_0941_0942 941 942 10000
Rv_0941_0980 941 980 10000
Rh_0942_0943 942 943 10000
Rv_0942_0981 942 981 1
Rh_0943_0944 943 944 10000
Rv_0943_0982 943 982 10000
Rh_0944_0945 944 945 10000
Rv_0944_0983 944 983 1
Rh_0945_0946 945 946 10000
Rv_0945_0984 945 984 10000
Rh_0946_0947 946 947 1
Rv_0946_0985 946 985 10000
Rh_0947_0948 947 948 1
Rv_0947_0986 947 986 10000
Rh_0948_0949 948 949 1
Rv_0948_0987 948 987 1
Rh_0949_0950 949 950 1
Rv_0949_0988 949 988 10000
Rh_0950_0951 950 951 1
Rv_0950_0989 950 989 10000
Rh_0951_0952 951 952 1
Rv_0951_0990 951 990 10000
Rh_0952_0953 952 953 1
Rv_0952_0991 952 991 10000
Rh_0953_0954 953 954 1
Rv_0953_0992 953 992 10000
Rh_0954_0955 954 955 10000
Rv_0954_0993 954 993 1
Rh_0955_0956 955 956 10000
Rv_0955_0994 955 994 10000
Rh_0956_0957 956 957 10000
Rv_0956_0995 956 995 1
Rh_0957_0958 957 958 10000
Rv_0957_0996 957 996 10000
Rh_0958_0959 958 959 10000
Rv_0958_0997 958 997 10000
Rh_0959_0960 959 960 10000
Rv_0959_0998 959 998 10000
Rh_0960_0961 960 961 1
Rv_0960_0999 960 999 1
Rh_0961_0962 961 962 1
Rv_0961_1000 961 1000 10000
Rh_0962_0963 962 963 1
Rv_0962_1001 962 1001 10000
Rh_0963_0964 963 964 1
Rv_0963_1002 963 1002 10000
Rh_0964_0965 964 965 10000
Rv_0964_1003 964 1003 10000
Rh_0965_0966 965 966 10000
Rv_0965_1004 965 1004 10000
Rh_0966_0967 966 967 1
Rv_0966_1005 966 1005 1
Rh_0967_0968 967 968 1
Rv_0967_1006 967 1006 10000
Rh_0968_0969 968 969 1
Rv_0968_1007 968 1007 10000
Rh_0969_0970 969 970 1
Rv_0969_1008 969 1008 10000
Rh_0970_0971 970 971 1
Rv_0970_1009 970 1009 10000
Rh_0971_0972 971 972 1
Rv_0971_1010 971 1010 10000
Rh_0972_0973 972 973 10000
Rv_0972_1011 972 1011 10000
Rh_0973_0974 973 974 10000
Rv_0973_1012 973 1012 10000
Rv_0974_1013 974 1013 10000
Rh_0975_0976 975 976 10000
Rv_0975_1014 975 1014 1
Rh_0976_0977 976 977 10000
Rv_0976_1015 976 1015 10000
Rh_0977_0978 977 978 10000
Rv_0977_1016 977 1016 10000
Rh_0978_0979 978 979 10000
Rv_0978_1017 978 1017 10000
Rh_0979_0980 979 980 10000
Rv_0979_1018 979 1018 10000
Rh_0980_0981 980 981 10000
Rv_0980_1019 980 1019 10000
Rh_0981_0982 981 982 10000
Rv_0981_1020 981 1020 1
Rh_0982_0983 982 983 10000
Rv_0982_1021 982 1021 10000
Rh_0983_0984 983 984 10000
Rv_0983_1022 983 1022 1
Rh_0984_0985 984 985 10000
Rv_0984_1023 984 1023 10000
Rh_0985_0986 985 986 10000
Rv_0985_1024 985 1024 10000
Rh_0986_0987 986 987 10000
Rv_0986_1025 986 1025 10000
Rh_0987_0988 987 988 10000
Rv_0987_1026 987 1026 1
Rh_0988_0989 988 989 10000
Rv_0988_1027 988 1027 10000
Rh_0989_0990 989 990 10000
Rv_0989_1028 989 1028 10000
Rh_0990_0991 990 991 10000
Rv_0990_1029 990 1029 10000
Rh_0991_0992 991 992 10000
Rv_0991_1030 991 1030 10000
Rh_0992_0993 992 993 10000
Rv_0992_1031 992 1031 10000
Rh_0993_0994 993 994 10000
Rv_0993_1032 993 1032 1
Rh_0994_0995 994 995 10000
Rv_0994_1033 994 1033 10000
Rh_0995_0996 995 996 10000
Rv_0995_1034 995 1034 1
Rh_0996_0997 996 997 10000
Rv_0996_1035 996 1035 10000
Rh_0997_0998 997 998 10000
Rv_0997_1036 997 1036 10000
Rh_0998_0999 998 999 10000
Rv_0998_1037 998 1037 10000
Rh_0999_1000 999 1000 10000
Rv_0999_1038 999 1038 1
Rh_1000_1001 1000 1001 10000
Rv_1000_1039 1000 1039 10000
Rh_1001_1002 1001 1002 10000
Rv_1001_1040 1001 1040 10000
Rh_1002_1003 1002 1003 10000
Rv_1002_1041 1002 1041 10000
Rh_1003_1004 1003 1004 10000
Rv_1003_1042 1003 1042 10000
Rh_1004_1005 1004 1005 10000
Rv_1004_1043 1004 1043 10000
Rh_1005_1006 1005 1006 10000
Rv_1005_1044 1005 1044 1
Rh_1006_1007 1006 1007 10000
Rv_1006_1045 1006 1045 10000
Rh_1007_1008 1007 1008 10000
Rv_1007_1046 1007 1046 10000
Rh_1008_1009 1008 1009 10000
Rv_1008_1047 1008 1047 10000
Rh_1009_1010 1009 1010 10000
Rv_1009_1048 1009 1048 10000
Rh_1010_1011 1010 1011 10000
Rv_1010_1049 1010 1049 10000
Rh_1011_1012 1011 1012 10000
Rv_1011_1050 1011 1050 10000
Rh_1012_1013 1012 1013 10000
Rv_1012_1051 1012 1051 10000
Rv_1013_1052 1013 1052 10000
Rh_1014_1015 1014 1015 1
Rv_1014_1053 1014 1053 1
Rh_1015_1016 1015 1016 1
Rv_1015_1054 1015 1054 10000
Rh_1016_1017 1016 1017 1
Rv_1016_1055 1016 1055 10000
Rh_1017_1018 1017 1018 1
Rv_1017_1056 1017 1056 10000
Rh_1018_1019 1018 1019 10000
Rv_1018_1057 1018 1057 1
Rh_1019_1020 1019 1020 10000
Rv_1019_1058 1019 1058 10000
Rh_1020_1021 1020 1021 1
Rv_1020_1059 1020 1059 10000
Rh_1021_1022 1021 1022 1
Rv_1021_1060 1021 1060 10000
Rh_1022_1023 1022 1023 1
Rv_1022_1061 1022 1061 10000
Rh_1023_1024 1023 1024 1
Rv_1023_1062 1023 1062 10000
Rh_1024_1025 1024 1025 1
Rv_1024_1063 1024 1063 10000
Rh_1025_1026 1025 1026 1
Rv_1025_1064 1025 1064 10000
Rh_1026_1027 1026 1027 1
Rv_1026_1065 1026 1065 10000
Rh_1027_1028 1027 1028 1
Rv_1027_1066 1027 1066 10000
Rh_1028_1029 1028 1029 10000
Rv_1028_1067 1028 1067 1
Rh_1029_1030 1029 1030 10000
Rv_1029_1068 1029 1068 10000
Rh_1030_1031 1030 1031 1
Rv_1030_1069 1030 1069 1
Rh_1031_1032 1031 1032 1
Rv_1031_1070 1031 1070 10000
Rh_1032_1033 1032 1033 10000
Rv_1032_1071 1032 1071 10000
Rh_1033_1034 1033 1034 10000
Rv_1033_1072 1033 1072 10000
Rh_1034_1035 1034 1035 1
Rv_1034_1073 1034 1073 10000
Rh_1035_1036 1035 1036 1
Rv_1035_1074 1035 1074 10000
Rh_1036_1037 1036 1037 1
Rv_1036_1075 1036 1075 1
Rh_1037_1038 1037 1038 1
Rv_1037_1076 1037 1076 10000
Rh_1038_1039 1038 1039 10000
Rv_1038_1077 1038 1077 10000
Rh_1039_1040 1039 1040 10000
Rv_1039_1078 1039 1078 10000
Rh_1040_1041 1040 1041 1
Rv_1040_1079 1040 1079 10000
Rh_1041_1042 1041 1042 1
Rv_1041_1080 1041 1080 10000
Rh_1042_1043 1042 1043 10000
Rv_1042_1081 1042 1081 1
Rh_1043_1044 1043 1044 10000
Rv_1043_1082 1043 1082 10000
Rh_1044_1045 1044 1045 10000
Rv_1044_1083 1044 1083 1
Rh_1045_1046 1045 1046 10000
Rv_1045_1084 1045 1084 10000
Rh_1046_1047 1046 1047 1
Rv_1046_1085 1046 1085 10000
Rh_1047_1048 1047 1048 1
Rv_1047_1086 1047 1086 10000
Rh_1048_1049 1048 1049 1
Rv_1048_1087 1048 1087 10000
Rh_1049_1050 1049 1050 1
Rv_1049_1088 1049 1088 10000
Rh_1050_1051 1050 1051 10000
Rv_1050_1089 1050 1089 1
Rh_1051_1052 1051 1052 10000
Rv_1051_1090 1051 1090 10000
Rv_1052_1091 1052 1091 10000
Rh_1053_1054 1053 1054 10000
Rv_1053_1092 1053 1092 1
Rh_1054_1055 1054 1055 10000
Rv_1054_1093 1054 1093 10000
Rh_1055_1056 1055 1056 10000
Rv_1055_1094 1055 1094 10000
Rh_1056_1057 1056 1057 10000
Rv_1056_1095 1056 1095 10000
Rh_1057_1058 1057 1058 10000
Rv_1057_1096 1057 1096 1
Rh_1058_1059 1058 1059 10000
Rv_1058_1097 1058 1097 10000
Rh_1059_1060 1059 1060 10000
Rv_1059_1098 1059 1098 10000
Rh_1060_1061 1060 1061 10000
Rv_1060_1099 1060 1099 10000
Rh_1061_1062 1061 1062 10000
Rv_1061_1100 1061 1100 10000
Rh_1062_1063 1062 1063 10000
Rv_1062_1101 1062 1101 10000
Rh_1063_1064 1063 1064 10000
Rv_1063_1102 1063 1102 10000
Rh_1064_1065 1064 1065 10000
Rv_1064_1103 1064 1103 10000
Rh_1065_1066 1065 1066 10000
Rv_1065_1104 1065 1104 10000
Rh_1066_1067 1066 1067 10000
Rv_1066_1105 1066 1105 10000
Rh_1067_1068 1067 1068 10000
Rv_1067_1106 1067 1106 1
Rh_1068_1069 1068 1069 10000
Rv_1068_1107 1068 1107 10000
Rh_1069_1070 1069 1070 10000
Rv_1069_1108 1069 1108 1
Rh_1070_1071 1070 1071 10000
Rv_1070_1109 1070 1109 10000
Rh_1071_1072 1071 1072 10000
Rv_1071_1110 1071 1110 10000
Rh_1072_1073 1072 1073 10000
Rv_1072_1111 1072 1111 10000
Rh_1073_1074 1073 1074 10000
Rv_1073_1112 1073 1112 10000
Rh_1074_1075 1074 1075 10000
Rv_1074_1113 1074 1113 10000
Rh_1075_1076 1075 1076 10000
Rv_1075_1114 1075 1114 1
Rh_1076_1077 1076 1077 10000
Rv_1076_1115 1076 1115 10000
Rh_1077_1078 1077 1078 10000
Rv_1077_1116 1077 1116 10000
Rh_1078_1079 1078 1079 10000
Rv_1078_1117 1078 1117 10000
Rh_1079_1080 1079 1080 10000
Rv_1079_1118 1079 1118 10000
Rh_1080_1081 1080 1081 10000
Rv_1080_1119 1080 1119 10000
Rh_1081_1082 1081 1082 10000
Rv_1081_1120 1081 1120 1
Rh_1082_1083 1082 1083 10000
Rv_1082_1121 1082 1121 10000
Rh_1083_1084 1083 1084 10000
Rv_1083_1122 1083 1122 1
Rh_1084_1085 1084 1085 10000
Rv_1084_1123 1084 1123 10000
Rh_1085_1086 1085 1086 10000
Rv_1085_1124 1085 1124 10000
Rh_1086_1087 1086 1087 10000
Rv_1086_1125 1086 1125 10000
Rh_1087_1088 1087 1088 10000
Rv_1087_1126 1087 1126 10000
Rh_1088_1089 1088 1089 10000
Rv_1088_1127 1088 1127 10000
Rh_1089_1090 1089 1090 10000
Rv_1089_1128 1089 1128 1
Rh_1090_1091 1090 1091 10000
Rv_1090_1129 1090 1129 10000
Rv_1091_1130 1091 1130 10000
Rh_1092_1093 1092 1093 1
Rv_1092_1131 1092 1131 10000
Rh_1093_1094 1093 1094 1
Rv_1093_1132 1093 1132 10000
Rh_1094_1095 1094 1095 10000
Rv_1094_1133 1094 1133 1
Rh_1095_1096 1095 1096 10000
Rv_1095_1134 1095 1134 10000
Rh_1096_1097 1096 1097 10000
Rv_1096_1135 1096 1135 1
Rh_1097_1098 1097 1098 10000
Rv_1097_1136 1097 1136 10000
Rh_1098_1099 1098 1099 1
Rv_1098_1137 1098 1137 1
Rh_1099_1100 1099 1100 1
Rv_1099_1138 1099 1138 10000
Rh_1100_1101 1100 1101 10000
Rv_1100_1139 1100 1139 1
Rh_1101_1102 1101 1102 10000
Rv_1101_1140 1101 1140 10000
Rh_1102_1103 1102 1103 1
Rv_1102_1141 1102 1141 10000
Rh_1103_1104 1103 1104 1
Rv_1103_1142 1103 1142 10000
Rh_1104_1105 1104 1105 1
Rv_1104_1143 1104 1143 10000
Rh_1105_1106 1105 1106 1
Rv_1105_1144 1105 1144 10000
Rh_1106_1107 1106 1107 10000
Rv_1106_1145 1106 1145 10000
Rh_1107_1108 1107 1108 10000
Rv_1107_1146 1107 1146 10000
Rh_1108_1109 1108 1109 1
Rv_1108_1147 1108 1147 1
Rh_1109_1110 1109 1110 1
Rv_1109_1148 1109 1148 10000
Rh_1110_1111 1110 1111 1
Rv_1110_1149 1110 1149 10000
Rh_1111_1112 1111 1112 1
Rv_1111_1150 1111 1150 10000
Rh_1112_1113 1112 1113 10000
Rv_1112_1151 1112 1151 10000
Rh_1113_1114 1113 1114 10000
Rv_1113_1152 1113 1152 10000
Rh_1114_1115 1114 1115 1
Rv_1114_1153 1114 1153 1
Rh_1115_1116 1115 1116 1
Rv_1115_1154 1115 1154 10000
Rh_1116_1117 1116 1117 1
Rv_1116_1155 1116 1155 10000
Rh_1117_1118 1117 1118 1
Rv_1117_1156 1117 1156 10000
Rh_1118_1119 1118 1119 10000
Rv_1118_1157 1118 1157 1
Rh_1119_1120 1119 1120 10000
Rv_1119_1158 1119 1158 10000
Rh_1120_1121 1120 1121 10000
Rv_1120_1159 1120 1159 1
Rh_1121_1122 1121 1122 10000
Rv_1121_1160 1121 1160 10000
Rh_1122_1123 1122 1123 1
Rv_1122_1161 1122 1161 10000
Rh_1123_1124 1123 1124 1
Rv_1123_1162 1123 1162 10000
Rh_1124_1125 1124 1125 10000
Rv_1124_1163 1124 1163 1
Rh_1125_1126 1125 1126 10000
Rv_1125_1164 1125 1164 10000
Rh_1126_1127 1126 1127 1
Rv_1126_1165 1126 1165 1
Rh_1127_1128 1127 1128 1
Rv_1127_1166 1127 1166 10000
Rh_1128_1129 1128 1129 10000
Rv_1128_1167 1128 1167 10000
Rh_1129_1130 1129 1130 10000
Rv_1129_1168 1129 1168 10000
Rv_1130_1169 1130 1169 10000
Rh_1131_1132 1131 1132 10000
Rv_1131_1170 1131 1170 10000
Rh_1132_1133 1132 1133 10000
Rv_1132_1171 1132 1171 10000
Rh_1133_1134 1133 1134 10000
Rv_1133_1172 1133 1172 1
Rh_1134_1135 1134 1135 10000
Rv_1134_1173 1134 1173 10000
Rh_1135_1136 1135 1136 10000
Rv_1135_1174 1135 1174 1
Rh_1136_1137 1136 1137 10000
Rv_1136_1175 1136 1175 10000
Rh_1137_1138 1137 1138 10000
Rv_1137_1176 1137 1176 1
Rh_1138_1139 1138 1139 10000
Rv_1138_1177 1138 1177 10000
Rh_1139_1140 1139 1140 10000
Rv_1139_1178 1139 1178 1
Rh_1140_1141 1140 1141 10000
Rv_1140_1179 1140 1179 10000
Rh_1141_1142 1141 1142 10000
Rv_1141_1180 1141 1180 10000
Rh_1142_1143 1142 1143 10000
Rv_1142_1181 1142 1181 10000
Rh_1143_1144 1143 1144 10000
Rv_1143_1182 1143 1182 10000
Rh_1144_1145 1144 1145 10000
Rv_1144_1183 1144 1183 10000
Rh_1145_1146 1145 1146 10000
Rv_1145_1184 1145 1184 10000
Rh_1146_1147 1146 1147 10000
Rv_1146_1185 1146 1185 10000
Rh_1147_1148 1147 1148 10000
Rv_1147_1186 1147 1186 1
Rh_1148_1149 1148 1149 10000
Rv_1148_1187 1148 1187 10000
Rh_1149_1150 1149 1150 10000
Rv_1149_1188 1149 1188 10000
Rh_1150_1151 1150 1151 10000
Rv_1150_1189 1150 1189 10000
Rh_1151_1152 1151 1152 10000
Rv_1151_1190 1151 1190 10000
Rh_1152_1153 1152 1153 10000
Rv_1152_1191 1152 1191 10000
Rh_1153_1154 1153 1154 10000
Rv_1153_1192 1153 1192 1
Rh_1154_1155 1154 1155 10000
Rv_1154_1193 1154 1193 10000
Rh_1155_1156 1155 1156 10000
Rv_1155_1194 1155 1194 10000
Rh_1156_1157 1156 1157 10000
Rv_1156_1195 1156 1195 10000
Rh_1157_1158 1157 1158 10000
Rv_1157_1196 1157 1196 1
Rh_1158_1159 1158 1159 10000
Rv_1158_1197 1158 1197 10000
Rh_1159_1160 1159 1160 10000
Rv_1159_1198 1159 1198 1
Rh_1160_1161 1160 1161 10000
Rv_1160_1199 1160 1199 10000
Rh_1161_1162 1161 1162 10000
Rv_1161_1200 1161 1200 10000
Rh_1162_1163 1162 1163 10000
Rv_1162_1201 1162 1201 10000
Rh_1163_1164 1163 1164 10000
Rv_1163_1202 1163 1202 1
Rh_1164_1165 1164 1165 10000
Rv_1164_1203 1164 1203 10000
Rh_1165_1166 1165 1166 10000
Rv_1165_1204 1165 1204 1
Rh_1166_1167 1166 1167 10000
Rv_1166_1205 1166 1205 10000
Rh_1167_1168 1167 1168 10000
Rv_1167_1206 1167 1206 10000
Rh_1168_1169 1168 1169 10000
Rv_1168_1207 1168 1207 10000
Rv_1169_1208 1169 1208 10000
Rh_1170_1171 1170 1171 1
Rv_1170_1209 1170 1209 10000
Rh_1171_1172 1171 1172 1
Rv_1171_1210 1171 1210 10000
Rh_1172_1173 1172 1173 10000
Rv_1172_1211 1172 1211 10000
Rh_1173_1174 1173 1174 10000
Rv_1173_1212 1173 1212 10000
Rh_1174_1175 1174 1175 1
Rv_1174_1213 1174 1213 10000
Rh_1175_1176 1175 1176 1
Rv_1175_1214 1175 1214 10000
Rh_1176_1177 1176 1177 10000
Rv_1176_1215 1176 1215 10000
Rh_1177_1178 1177 1178 10000
Rv_1177_1216 1177 1216 10000
Rh_1178_1179 1178 1179 1
Rv_1178_1217 1178 1217 10000
Rh_1179_1180 1179 1180 1
Rv_1179_1218 1179 1218 10000
Rh_1180_1181 1180 1181 1
Rv_1180_1219 1180 1219 1
Rh_1181_1182 1181 1182 1
Rv_1181_1220 1181 1220 10000
Rh_1182_1183 1182 1183 1
Rv_1182_1221 1182 1221 1
Rh_1183_1184 1183 1184 1
Rv_1183_1222 1183 1222 10000
Rh_1184_1185 1184 1185 10000
Rv_1184_1223 1184 1223 1
Rh_1185_1186 1185 1186 10000
Rv_1185_1224 1185 1224 10000
Rh_1186_1187 1186 1187 1
Rv_1186_1225 1186 1225 10000
Rh_1187_1188 1187 1188 1
Rv_1187_1226 1187 1226 10000
Rh_1188_1189 1188 1189 1
Rv_1188_1227 1188 1227 10000
Rh_1189_1190 1189 1190 1
Rv_1189_1228 1189 1228 10000
Rh_1190_1191 1190 1191 10000
Rv_1190_1229 1190 1229 1
Rh_1191_1192 1191 1192 10000
Rv_1191_1230 1191 1230 10000
Rh_1192_1193 1192 1193 10000
Rv_1192_1231 1192 1231 1
Rh_1193_1194 1193 1194 10000
Rv_1193_1232 1193 1232 10000
Rh_1194_1195 1194 1195 10000
Rv_1194_1233 1194 1233 1
Rh_1195_1196 1195 1196 10000
Rv_1195_1234 1195 1234 10000
Rh_1196_1197 1196 1197 1
Rv_1196_1235 1196 1235 1
Rh_1197_1198 1197 1198 1
Rv_1197_1236 1197 1236 10000
Rh_1198_1199 1198 1199 10000
Rv_1198_1237 1198 1237 10000
Rh_1199_1200 1199 1200 10000
Rv_1199_1238 1199 1238 10000
Rh_1200_1201 1200 1201 1
Rv_1200_1239 1200 1239 1
Rh_1201_1202 1201 1202 1
Rv_1201_1240 1201 1240 10000
Rh_1202_1203 1202 1203 10000
Rv_1202_1241 1202 1241 10000
Rh_1203_1204 1203 1204 10000
Rv_1203_1242 1203 1242 10000
Rh_1204_1205 1204 1205 1
Rv_1204_1243 1204 1243 10000
Rh_1205_1206 1205 1206 1
Rv_1205_1244 1205 1244 10000
Rh_1206_1207 1206 1207 10000
Rv_1206_1245 1206 1245 1
Rh_1207_1208 1207 1208 10000
Rv_1207_1246 1207 1246 10000
Rv_1208_1247 1208 1247 10000
Rh_1209_1210 1209 1210 10000
Rv_1209_1248 1209 1248 10000
Rh_1210_1211 1210 1211 10000
Rv_1210_1249 1210 1249 10000
Rh_1211_1212 1211 1212 10000
Rv_1211_1250 1211 1250 10000
Rh_1212_1213 1212 1213 10000
Rv_1212_1251 1212 1251 10000
Rh_1213_1214 1213 1214 10000
Rv_1213_1252 1213 1252 10000
Rh_1214_1215 1214 1215 10000
Rv_1214_1253 1214 1253 10000
Rh_1215_1216 1215 1216 10000
Rv_1215_1254 1215 1254 10000
Rh_1216_1217 1216 1217 10000
Rv_1216_1255 1216 1255 10000
Rh_1217_1218 1217 1218 10000
Rv_1217_1256 1217 1256 10000
Rh_1218_1219 1218 1219 10000
Rv_1218_1257 1218 1257 10000
Rh_1219_1220 1219 1220 10000
Rv_1219_1258 1219 1258 1
Rh_1220_1221 1220 1221 10000
Rv_1220_1259 1220 1259 10000
Rh_1221_1222 1221 1222 10000
Rv_1221_1260 1221 1260 1
Rh_1222_1223 1222 1223 10000
Rv_1222_1261 1222 1261 10000
Rh_1223_1224 1223 1224 10000
Rv_1223_1262 1223 1262 1
Rh_1224_1225 1224 1225 10000
Rv_1224_1263 1224 1263 10000
Rh_1225_1226 1225 1226 10000
Rv_1225_1264 1225 1264 10000
Rh_1226_1227 1226 1227 10000
Rv_1226_1265 1226 1265 10000
Rh_1227_1228 1227 1228 10000
Rv_1227_1266 1227 1266 10000
Rh_1228_1229 1228 1229 10000
Rv_1228_1267 1228 1267 10000
Rh_1229_1230 1229 1230 10000
Rv_1229_1268 1229 1268 1
Rh_1230_1231 1230 1231 10000
Rv_1230_1269 1230 1269 10000
Rh_1231_1232 1231 1232 10000
Rv_1231_1270 1231 1270 1
Rh_1232_1233 1232 1233 10000
Rv_1232_1271 1232 1271 10000
Rh_1233_1234 1233 1234 10000
Rv_1233_1272 1233 1272 1
Rh_1234_1235 1234 1235 10000
Rv_1234_1273 1234 1273 10000
Rh_1235_1236 1235 1236 10000
Rv_1235_1274 1235 1274 1
Rh_1236_1237 1236 1237 10000
Rv_1236_1275 1236 1275 10000
Rh_1237_1238 1237 1238 10000
Rv_1237_1276 1237 1276 10000
Rh_1238_1239 1238 1239 10000
Rv_1238_1277 1238 1277 10000
Rh_1239_1240 1239 1240 10000
Rv_1239_1278 1239 1278 1
Rh_1240_1241 1240 1241 10000
Rv_1240_1279 1240 1279 10000
Rh_1241_1242 1241 1242 10000
Rv_1241_1280 1241 1280 10000
Rh_1242_1243 1242 1243 10000
Rv_1242_1281 1242 1281 10000
Rh_1243_1244 1243 1244 10000
Rv_1243_1282 1243 1282 10000
Rh_1244_1245 1244 1245 10000
Rv_1244_1283 1244 1283 10000
Rh_1245_1246 1245 1246 10000
Rv_1245_1284 1245 1284 1
Rh_1246_1247 1246 1247 10000
Rv_1246_1285 1246 1285 10000
Rv_1247_1286 1247 1286 10000
Rh_1248_1249 1248 1249 1
Rv_1248_1287 1248 1287 1
Rh_1249_1250 1249 1250 1
Rv_1249_1288 1249 1288 10000
Rh_1250_1251 1250 1251 1
Rv_1250_1289 1250 1289 10000
Rh_1251_1252 1251 1252 1
Rv_1251_1290 1251 1290 10000
Rh_1252_1253 1252 1253 1
Rv_1252_1291 1252 1291 10000
Rh_1253_1254 1253 1254 1
Rv_1253_1292 1253 1292 10000
Rh_1254_1255 1254 1255 1
Rv_1254_1293 1254 1293 10000
Rh_1255_1256 1255 1256 1
Rv_1255_1294 1255 1294 10000
Rh_1256_1257 1256 1257 1
Rv_1256_1295 1256 1295 10000
Rh_1257_1258 1257 1258 1
Rv_1257_1296 1257 1296 10000
Rh_1258_1259 1258 1259 10000
Rv_1258_1297 1258 1297 1
Rh_1259_1260 1259 1260 10000
Rv_1259_1298 1259 1298 10000
Rh_1260_1261 1260 1261 10000
Rv_1260_1299 1260 1299 1
Rh_1261_1262 1261 1262 10000
Rv_1261_1300 1261 1300 10000
Rh_1262_1263 1262 1263 10000
Rv_1262_1301 1262 1301 1
Rh_1263_1264 1263 1264 10000
Rv_1263_1302 1263 1302 10000
Rh_1264_1265 1264 1265 1
Rv_1264_1303 1264 1303 10000
Rh_1265_1266 1265 1266 1
Rv_1265_1304 1265 1304 10000
Rh_1266_1267 1266 1267 10000
Rv_1266_1305 1266 1305 1
Rh_1267_1268 1267 1268 10000
Rv_1267_1306 1267 1306 10000
Rh_1268_1269 1268 1269 1
Rv_1268_1307 1268 1307 10000
Rh_1269_1270 1269 1270 1
Rv_1269_1308 1269 1308 10000
Rh_1270_1271 1270 1271 10000
Rv_1270_1309 1270 1309 10000
Rh_1271_1272 1271 1272 10000
Rv_1271_1310 1271 1310 10000
Rh_1272_1273 1272 1273 1
Rv_1272_1311 1272 1311 10000
Rh_1273_1274 1273 1274 1
Rv_1273_1312 1273 1312 10000
Rh_1274_1275 1274 1275 10000
Rv_1274_1313 1274 1313 10000
Rh_1275_1276 1275 1276 10000
Rv_1275_1314 1275 1314 10000
Rh_1276_1277 1276 1277 1
Rv_1276_1315 1276 1315 1
Rh_1277_1278 1277 1278 1
Rv_1277_1316 1277 1316 10000
Rh_1278_1279 1278 1279 10000
Rv_1278_1317 1278 1317 10000
Rh_1279_1280 1279 1280 10000
Rv_1279_1318 1279 1318 10000
Rh_1280_1281 1280 1281 1
Rv_1280_1319 1280 1319 1
Rh_1281_1282 1281 1282 1
Rv_1281_1320 1281 1320 10000
Rh_1282_1283 1282 1283 10000
Rv_1282_1321 1282 1321 10000
Rh_1283_1284 1283 1284 10000
Rv_1283_1322 1283 1322 10000
Rh_1284_1285 1284 1285 1
Rv_1284_1323 1284 1323 1
Rh_1285_1286 1285 1286 1
Rv_1285_1324 1285 1324 10000
Rv_1286_1325 1286 1325 10000
Rh_1287_1288 1287 1288 10000
Rv_1287_1326 1287 1326 1
Rh_1288_1289 1288 1289 10000
Rv_1288_1327 1288 1327 10000
Rh_1289_1290 1289 1290 10000
Rv_1289_1328 1289 1328 10000
Rh_1290_1291 1290 1291 10000
Rv_1290_1329 1290 1329 10000
Rh_1291_1292 1291 1292 10000
Rv_1291_1330 1291 1330 10000
Rh_1292_1293 1292 1293 10000
Rv_1292_1331 1292 1331 10000
Rh_1293_1294 1293 1294 10000
Rv_1293_1332 1293 1332 10000
Rh_1294_1295 1294 1295 10000
Rv_1294_1333 1294 1333 10000
Rh_1295_1296 1295 1296 10000
Rv_1295_1334 1295 1334 10000
Rh_1296_1297 1296 1297 10000
Rv_1296_1335 1296 1335 10000
Rh_1297_1298 1297 1298 10000
Rv_1297_1336 1297 1336 1
Rh_1298_1299 1298 1299 10000
Rv_1298_1337 1298 1337 10000
Rh_1299_1300 1299 1300 10000
Rv_1299_1338 1299 1338 1
Rh_1300_1301 1300 1301 10000
Rv_1300_1339 1300 1339 10000
Rh_1301_1302 1301 1302 10000
Rv_1301_1340 1301 1340 1
Rh_1302_1303 1302 1303 10000
Rv_1302_1341 1302 1341 10000
Rh_1303_1304 1303 1304 10000
Rv_1303_1342 1303 1342 10000
Rh_1304_1305 1304 1305 10000
Rv_1304_1343 1304 1343 10000
Rh_1305_1306 1305 1306 10000
Rv_1305_1344 1305 1344 1
Rh_1306_1307 1306 1307 10000
Rv_1306_1345 1306 1345 10000
Rh_1307_1308 1307 1308 10000
Rv_1307_1346 1307 1346 10000
Rh_1308_1309 1308 1309 10000
Rv_1308_1347 1308 1347 10000
Rh_1309_1310 1309 1310 10000
Rv_1309_1348 1309 1348 10000
Rh_1310_1311 1310 1311 10000
Rv_1310_1349 1310 1349 10000
Rh_1311_1312 1311 1312 10000
Rv_1311_1350 1311 1350 10000
Rh_1312_1313 1312 1313 10000
Rv_1312_1351 1312 1351 10000
Rh_1313_1314 1313 1314 10000
Rv_1313_1352 1313 1352 10000
Rh_1314_1315 1314 1315 10000
Rv_1314_1353 1314 1353 10000
Rh_1315_1316 1315 1316 10000
Rv_1315_1354 1315 1354 1
Rh_1316_1317 1316 1317 10000
Rv_1316_1355 1316 1355 10000
Rh_1317_1318 1317 1318 10000
Rv_1317_1356 1317 1356 10000
Rh_1318_1319 1318 1319 10000
Rv_1318_1357 1318 1357 10000
Rh_1319_1320 1319 1320 10000
Rv_1319_1358 1319 1358 1
Rh_1320_1321 1320 1321 10000
Rv_1320_1359 1320 1359 10000
Rh_1321_1322 1321 1322 10000
Rv_1321_1360 1321 1360 10000
Rh_1322_1323 1322 1323 10000
Rv_1322_1361 1322 1361 10000
Rh_1323_1324 1323 1324 10000
Rv_1323_1362 1323 1362 1
Rh_1324_1325 1324 1325 10000
Rv_1324_1363 1324 1363 10000
Rv_1325_1364 1325 1364 10000
Rh_1326_1327 1326 1327 1
Rv_1326_1365 1326 1365 10000
Rh_1327_1328 1327 1328 1
Rv_1327_1366 1327 1366 10000
Rh_1328_1329 1328 1329 10000
Rv_1328_1367 1328 1367 1
Rh_1329_1330 1329 1330 10000
Rv_1329_1368 1329 1368 10000
Rh_1330_1331 1330 1331 1
Rv_1330_1369 1330 1369 1
Rh_1331_1332 1331 1332 1
Rv_1331_1370 1331 1370 10000
Rh_1332_1333 1332 1333 1
Rv_1332_1371 1332 1371 10000
Rh_1333_1334 1333 1334 1
Rv_1333_1372 1333 1372 10000
Rh_1334_1335 1334 1335 10000
Rv_1334_1373 1334 1373 1
Rh_1335_1336 1335 1336 10000
Rv_1335_1374 1335 1374 10000
Rh_1336_1337 1336 1337 10000
Rv_1336_1375 1336 1375 10000
Rh_1337_1338 1337 1338 10000
Rv_1337_1376 1337 1376 10000
Rh_1338_1339 1338 1339 10000
Rv_1338_1377 1338 1377 1
Rh_1339_1340 1339 1340 10000
Rv_1339_1378 1339 1378 10000
Rh_1340_1341 1340 1341 10000
Rv_1340_1379 1340 1379 1
Rh_1341_1342 1341 1342 10000
Rv_1341_1380 1341 1380 10000
Rh_1342_1343 1342 1343 1
Rv_1342_1381 1342 1381 1
Rh_1343_1344 1343 1344 1
Rv_1343_1382 1343 1382 10000
Rh_1344_1345 1344 1345 1
Rv_1344_1383 1344 1383 10000
Rh_1345_1346 1345 1346 1
Rv_1345_1384 1345 1384 10000
Rh_1346_1347 1346 1347 1
Rv_1346_1385 1346 1385 10000
Rh_1347_1348 1347 1348 1
Rv_1347_1386 1347 1386 10000
Rh_1348_1349 1348 1349 1
Rv_1348_1387 1348 1387 10000
Rh_1349_1350 1349 1350 1
Rv_1349_1388 1349 1388 10000
Rh_1350_1351 1350 1351 1
Rv_1350_1389 1350 1389 10000
Rh_1351_1352 1351 1352 1
Rv_1351_1390 1351 1390 10000
Rh_1352_1353 1352 1353 10000
Rv_1352_1391 1352 1391 1
Rh_1353_1354 1353 1354 10000
Rv_1353_1392 1353 1392 10000
Rh_1354_1355 1354 1355 10000
Rv_1354_1393 1354 1393 1
Rh_1355_1356 1355 1356 10000
Rv_1355_1394 1355 1394 10000
Rh_1356_1357 1356 1357 1
Rv_1356_1395 1356 1395 1
Rh_1357_1358 1357 1358 1
Rv_1357_1396 1357 1396 10000
Rh_1358_1359 1358 1359 10000
Rv_1358_1397 1358 1397 1
Rh_1359_1360 1359 1360 10000
Rv_1359_1398 1359 1398 10000
Rh_1360_1361 1360 1361 1
Rv_1360_1399 1360 1399 1
Rh_1361_1362 1361 1362 1
Rv_1361_1400 1361 1400 10000
Rh_1362_1363 1362 1363 10000
Rv_1362_1401 1362 1401 10000
Rh_1363_1364 1363 1364 10000
Rv_1363_1402 1363 1402 10000
Rv_1364_1403 1364 1403 10000
Rh_1365_1366 1365 1366 10000
Rv_1365_1404 1365 1404 10000
Rh_1366_1367 1366 1367 10000
Rv_1366_1405 1366 1405 10000
Rh_1367_1368 1367 1368 10000
Rv_1367_1406 1367 1406 1
Rh_1368_1369 1368 1369 10000
Rv_1368_1407 1368 1407 10000
Rh_1369_1370 1369 1370 10000
Rv_1369_1408 1369 1408 1
Rh_1370_1371 1370 1371 10000
Rv_1370_1409 1370 1409 10000
Rh_1371_1372 1371 1372 10000
Rv_1371_1410 1371 1410 10000
Rh_1372_1373 1372 1373 10000
Rv_1372_1411 1372 1411 10000
Rh_1373_1374 1373 1374 10000
Rv_1373_1412 1373 1412 1
Rh_1374_1375 1374 1375 10000
Rv_1374_1413 1374 1413 10000
Rh_1375_1376 1375 1376 10000
Rv_1375_1414 1375 1414 10000
Rh_1376_1377 1376 1377 10000
Rv_1376_1415 1376 1415 10000
Rh_1377_1378 1377 1378 10000
Rv_1377_1416 1377 1416 1
Rh_1378_1379 1378 1379 10000
Rv_1378_1417 1378 1417 10000
Rh_1379_1380 1379 1380 10000
Rv_1379_1418 1379 1418 1
Rh_1380_1381 1380 1381 10000
Rv_1380_1419 1380 1419 10000
Rh_1381_1382 1381 1382 10000
Rv_1381_1420 1381 1420 1
Rh_1382_1383 1382 1383 10000
Rv_1382_1421 1382 1421 10000
Rh_1383_1384 1383 1384 10000
Rv_1383_1422 1383 1422 10000
Rh_1384_1385 1384 1385 10000
Rv_1384_1423 1384 1423 10000
Rh_1385_1386 1385 1386 10000
Rv_1385_1424 1385 1424 10000
Rh_1386_1387 1386 1387 10000
Rv_1386_1425 1386 1425 10000
Rh_1387_1388 1387 1388 10000
Rv_1387_1426 1387 1426 10000
Rh_1388_1389 1388 1389 10000
Rv_1388_1427 1388 1427 10000
Rh_1389_1390 1389 1390 10000
Rv_1389_1428 1389 1428 10000
Rh_1390_1391 1390 1391 10000
Rv_1390_1429 1390 1429 10000
Rh_1391_1392 1391 1392 10000
Rv_1391_1430 1391 1430 1
Rh_1392_1393 1392 1393 10000
Rv_1392_1431 1392 1431 10000
Rh_1393_1394 1393 1394 10000
Rv_1393_1432 1393 1432 1
Rh_1394_1395 1394 1395 10000
Rv_1394_1433 1394 1433 10000
Rh_1395_1396 1395 1396 10000
Rv_1395_1434 1395 1434 1
Rh_1396_1397 1396 1397 10000
Rv_1396_1435 1396 1435 10000
Rh_1397_1398 1397 1398 10000
Rv_1397_1436 1397 1436 1
Rh_1398_1399 1398 1399 10000
Rv_1398_1437 1398 1437 10000
Rh_1399_1400 1399 1400 10000
Rv_1399_1438 1399 1438 1
Rh_1400_1401 1400 1401 10000
Rv_1400_1439 1400 1439 10000
Rh_1401_1402 1401 1402 10000
Rv_1401_1440 1401 1440 10000
Rh_1402_1403 1402 1403 10000
Rv_1402_1441 1402 1441 10000
Rv_1403_1442 1403 1442 10000
Rh_1404_1405 1404 1405 10000
Rv_1404_1443 1404 1443 1
Rh_1405_1406 1405 1406 10000
Rv_1405_1444 1405 1444 10000
Rh_1406_1407 1406 1407 10000
Rv_1406_1445 1406 1445 1
Rh_1407_1408 1407 1408 10000
Rv_1407_1446 1407 1446 10000
Rh_1408_1409 1408 1409 10000
Rv_1408_1447 1408 1447 1
Rh_1409_1410 1409 1410 10000
Rv_1409_1448 1409 1448 10000
Rh_1410_1411 1410 1411 1
Rv_1410_1449 1410 1449 1
Rh_1411_1412 1411 1412 1
Rv_1411_1450 1411 1450 10000
Rh_1412_1413 1412 1413 10000
Rv_1412_1451 1412 1451 10000
Rh_1413_1414 1413 1414 10000
Rv_1413_1452 1413 1452 10000
Rh_1414_1415 1414 1415 1
Rv_1414_1453 1414 1453 1
Rh_1415_1416 1415 1416 1
Rv_1415_1454 1415 1454 10000
Rh_1416_1417 1416 1417 10000
Rv_1416_1455 1416 1455 10000
Rh_1417_1418 1417 1418 10000
Rv_1417_1456 1417 1456 10000
Rh_1418_1419 1418 1419 1
Rv_1418_1457 1418 1457 1
Rh_1419_1420 1419 1420 1
Rv_1419_1458 1419 1458 10000
Rh_1420_1421 1420 1421 10000
Rv_1420_1459 1420 1459 10000
Rh_1421_1422 1421 1422 10000
Rv_1421_1460 1421 1460 10000
Rh_1422_1423 1422 1423 10000
Rv_1422_1461 1422 1461 1
Rh_1423_1424 1423 1424 10000
Rv_1423_1462 1423 1462 10000
Rh_1424_1425 1424 1425 1
Rv_1424_1463 1424 1463 1
Rh_1425_1426 1425 1426 1
Rv_1425_1464 1425 1464 10000
Rh_1426_1427 1426 1427 10000
Rv_1426_1465 1426 1465 1
Rh_1427_1428 1427 1428 10000
Rv_1427_1466 1427 1466 10000
Rh_1428_1429 1428 1429 1
Rv_1428_1467 1428 1467 10000
Rh_1429_1430 1429 1430 1
Rv_1429_1468 1429 1468 10000
Rh_1430_1431 1430 1431 10000
Rv_1430_1469 1430 1469 10000
Rh_1431_1432 1431 1432 10000
Rv_1431_1470 1431 1470 10000
Rh_1432_1433 1432 1433 10000
Rv_1432_1471 1432 1471 1
Rh_1433_1434 1433 1434 10000
Rv_1433_1472 1433 1472 10000
Rh_1434_1435 1434 1435 10000
Rv_1434_1473 1434 1473 1
Rh_1435_1436 1435 1436 10000
Rv_1435_1474 1435 1474 10000
Rh_1436_1437 1436 1437 1
Rv_1436_1475 1436 1475 1
Rh_1437_1438 1437 1438 1
Rv_1437_1476 1437 1476 10000
Rh_1438_1439 1438 1439 10000
Rv_1438_1477 1438 1477 10000
Rh_1439_1440 1439 1440 10000
Rv_1439_1478 1439 1478 10000
Rh_1440_1441 1440 1441 1
Rv_1440_1479 1440 1479 1
Rh_1441_1442 1441 1442 1
Rv_1441_1480 1441 1480 10000
Rv_1442_1481 1442 1481 10000
Rh_1443_1444 1443 1444 10000
Rv_1443_1482 1443 1482 1
Rh_1444_1445 1444 1445 10000
Rv_1444_1483 1444 1483 10000
Rh_1445_1446 1445 1446 10000
Rv_1445_1484 1445 1484 1
Rh_1446_1447 1446 1447 10000
Rv_1446_1485 1446 1485 10000
Rh_1447_1448 1447 1448 10000
Rv_1447_1486 1447 1486 1
Rh_1448_1449 1448 1449 10000
Rv_1448_1487 1448 1487 10000
Rh_1449_1450 1449 1450 10000
Rv_1449_1488 1449 1488 1
Rh_1450_1451 1450 1451 10000
Rv_1450_1489 1450 1489 10000
Rh_1451_1452 1451 1452 10000
Rv_1451_1490 1451 1490 10000
Rh_1452_1453 1452 1453 10000
Rv_1452_1491 1452 1491 10000
Rh_1453_1454 1453 1454 10000
Rv_1453_1492 1453 1492 1
Rh_1454_1455 1454 1455 10000
Rv_1454_1493 1454 1493 10000
Rh_1455_1456 1455 1456 10000
Rv_1455_1494 1455 1494 10000
Rh_1456_1457 1456 1457 10000
Rv_1456_1495 1456 1495 10000
Rh_1457_1458 1457 1458 10000
Rv_1457_1496 1457 1496 1
Rh_1458_1459 1458 1459 10000
Rv_1458_1497 1458 1497 10000
Rh_1459_1460 1459 1460 10000
Rv_1459_1498 1459 1498 10000
Rh_1460_1461 1460 1461 10000
Rv_1460_1499 1460 1499 10000
Rh_1461_1462 1461 1462 10000
Rv_1461_1500 1461 1500 1
Rh_1462_1463 1462 1463 10000
Rv_1462_1501 1462 1501 10000
Rh_1463_1464 1463 1464 10000
Rv_1463_1502 1463 1502 1
Rh_1464_1465 1464 1465 10000
Rv_1464_1503 1464 1503 10000
Rh_1465_1466 1465 1466 10000
Rv_1465_1504 1465 1504 1
Rh_1466_1467 1466 1467 10000
Rv_1466_1505 1466 1505 10000
Rh_1467_1468 1467 1468 10000
Rv_1467_1506 1467 1506 10000
Rh_1468_1469 1468 1469 10000
Rv_1468_1507 1468 1507 10000
Rh_1469_1470 1469 1470 10000
Rv_1469_1508 1469 1508 10000
Rh_1470_1471 1470 1471 10000
Rv_1470_1509 1470 1509 10000
Rh_1471_1472 1471 1472 10000
Rv_1471_1510 1471 1510 1
Rh_1472_1473 1472 1473 10000
Rv_1472_1511 1472 1511 10000
Rh_1473_1474 1473 1474 10000
Rv_1473_1512 1473 1512 1
Rh_1474_1475 1474 1475 10000
Rv_1474_1513 1474 1513 10000
Rh_1475_1476 1475 1476 10000
Rv_1475_1514 1475 1514 1
Rh_1476_1477 1476 1477 10000
Rv_1476_1515 1476 1515 10000
Rh_1477_1478 1477 1478 10000
Rv_1477_1516 1477 1516 10000
Rh_1478_1479 1478 1479 10000
Rv_1478_1517 1478 1517 10000
Rh_1479_1480 1479 1480 10000
Rv_1479_1518 1479 1518 1
Rh_1480_1481 1480 1481 10000
Rv_1480_1519 1480 1519 10000
Rv_1481_1520 1481 1520 10000
Rh_1482_1483 1482 1483 1
Rh_1483_1484 1483 1484 1
Rh_1484_1485 1484 1485 10000
Rh_1485_1486 1485 1486 10000
Rh_1486_1487 1486 1487 10000
Rh_1487_1488 1487 1488 10000
Rh_1488_1489 1488 1489 1
Rh_1489_1490 1489 1490 1
Rh_1490_1491 1490 1491 1
Rh_1491_1492 1491 1492 1
Rh_1492_1493 1492 1493 10000
Rh_1493_1494 1493 1494 10000
Rh_1494_1495 1494 1495 1
Rh_1495_1496 1495 1496 1
Rh_1496_1497 1496 1497 1
Rh_1497_1498 1497 1498 1
Rh_1498_1499 1498 1499 1
Rh_1499_1500 1499 1500 1
Rh_1500_1501 1500 1501 10000
Rh_1501_1502 1501 1502 10000
Rh_1502_1503 1502 1503 10000
Rh_1503_1504 1503 1504 10000
Rh_1504_1505 1504 1505 1
Rh_1505_1506 1505 1506 1
Rh_1506_1507 1506 1507 1
Rh_1507_1508 1507 1508 1
Rh_1508_1509 1508 1509 1
Rh_1509_1510 1509 1510 1
Rh_1510_1511 1510 1511 10000
Rh_1511_1512 1511 1512 10000
Rh_1512_1513 1512 1513 10000
Rh_1513_1514 1513 1514 10000
Rh_1514_1515 1514 1515 1
Rh_1515_1516 1515 1516 1
Rh_1516_1517 1516 1517 1
Rh_1517_1518 1517 1518 1
Rh_1518_1519 1518 1519 1
Rh_1519_1520 1519 1520 1